172223 232351 734264 264087 527534 795228 487519 332361 678310 874565 432195 799222 966300 855319 154426 482390
859933 643454 841501 610652 849303 813056 288651 579832 819864 691797 871185 998282 511934 130357 682312 639445
678017 474109 457066 646358 979740 140849 782991 585324 164489 463693 882134 171373 211366 664263 822766 421241
682002 214161 912388 364999 458091 485001 962258 764166 247811 989575 761246 256525 405252 884023 484719 370906
874532 684627 566417 718521 863027 198643 979024 933805 338595 608430 945999 550649 910848 509304 179239 264743
528570 669970 983462 796007 773954 761401 349187 555629 839748 903160 929612 988238 419438 399506 352144 405316
899082 562987 224351 234693 991717 618511 674384 943319 458955 895136 283281 878546 113333 897366 103685 661163
130335 604553 111013 865646 223305 345042 452217 354983 870759 722525 653911 754978 247005 747577 625770 548870
874919 809061 134302 459312 909096 792072 341317 463757 933302 502488 829384 638840 484805 426107 701560 366776
482457 693816 296296 986149 645569 750779 148714 230492 451718 330303 140268 484606 381193 418680 690752 428165
205042 931595 694436 489789 118863 522952 888871 141210 609708 126231 809870 331963 623948 231614 435006 402878
841069 351762 300435 658955 864704 567896 834236 194617 429769 371261 463833 970648 812424 301202 502781 936398
678971 229881 355994 874501 697465 402205 936185 390404 798953 633749 637794 928091 798755 296338 920960 695404
355156 176725 278057 894911 957109 858773 288309 541863 339147 596448 890104 279250 270136 131999 807040 895300
496065 385938 943322 922456 864953 246405 748747 996359 332087 531538 970516 246588 855284 882028 739350 627725
529229 319183 263519 662227 857467 235133 565192 174278 166256 174570 381895 988895 839545 261383 182573 252637
