815933 476547 348224 406758 329977 104277 846015 842537 184958 617399 835950 172608 664080 811057 304371 364979 898501 377699 281425 309988 594499 323707 552778 935973 456825 163359 986791 967385 881189 210516 131593 499396 
412073 890809 932684 356052 100119 693580 608698 921631 872162 433479 894843 730800 809958 336014 852874 180499 958452 204934 347108 275238 390040 951920 433722 963812 348916 980148 351396 310706 381453 837813 412210 640403 
464817 560984 753088 437781 300611 659281 253731 331851 974267 263215 197007 185614 817259 679393 386755 135653 580666 263030 633845 168134 898374 337198 345296 741448 864019 449329 146811 248303 805701 936086 849298 226571 
361116 598766 311502 596500 188733 280445 122117 312827 281059 984983 100785 833478 903298 351149 936280 762715 927027 234723 770715 761261 232787 291872 292747 254193 157066 712510 664912 407444 477806 226475 478023 571762 
232865 393910 389086 686168 579398 449781 950916 324961 666941 766145 423327 788294 841558 564702 126523 883417 515206 441413 707660 597971 191484 190897 736641 459167 622196 945346 624670 485429 567270 708457 679547 354424 
146269 442538 114761 368013 215633 964271 124763 171426 200373 210184 831693 401924 475433 866454 723380 954266 646251 143241 562016 142053 936385 651222 515389 117476 548838 564314 522051 461426 183181 664454 757106 410494 
506985 789987 865677 354657 781107 814110 504602 835349 266186 339224 357046 217519 671216 698359 122904 923126 909422 834660 722539 331639 486053 596663 943141 197146 957187 715526 847682 178196 880594 791351 100366 673682 
523279 425157 832849 337317 858594 777735 397785 648846 544017 323803 932014 469007 634617 939784 990785 438241 630198 959352 622387 852400 781199 757324 745737 270388 795746 859632 830590 666029 199370 422082 523280 617084 
919762 992814 827015 351363 365947 805006 100830 762764 832617 679236 120579 563518 776389 362195 877834 816690 114475 568936 286808 757408 840077 112236 609898 932837 638577 389150 754302 254136 761466 398913 566994 962565 
976350 920988 901987 697386 971174 354943 653735 720680 609735 450489 316715 273989 718063 296460 757375 748670 116952 999957 798417 841570 224304 610940 848318 957526 331540 229773 281134 303151 432454 753017 671171 741362 
950856 699824 352365 635871 152257 862003 246854 381337 175510 827677 806560 207106 278700 482510 548615 778493 769461 455710 159964 926217 544609 899507 775823 307312 435929 377987 664906 398870 558044 416093 949346 438650 
868024 578169 673399 575289 279324 520394 817002 219589 157245 779144 297656 704092 481706 774818 888415 402671 816280 803252 813922 494872 454850 822080 271252 162351 283171 466756 512328 256526 361058 905956 904695 122428 
377631 974711 281599 982657 465576 834896 705881 797860 153864 795849 357345 439619 677617 893849 688582 597147 486453 242907 132248 506767 516951 284620 429890 356599 644706 822510 352135 813842 230100 544686 696394 472107 
645731 695129 886904 526515 251716 555051 449778 158882 539705 371308 870279 184679 330613 952471 592250 362642 627101 805272 293987 156948 229052 266594 309203 320651 576687 123983 237344 911405 326006 379136 883824 810623 
118370 869250 129353 218365 668431 701402 193179 694768 717588 514456 379668 643868 651333 127244 253566 704883 568574 720508 439128 364482 820396 499243 697871 446214 131724 830822 106434 326217 418408 882869 562163 290871 
283138 969558 400344 770473 801615 105414 717610 198590 844986 562873 146364 164460 388185 337040 931193 994372 744513 497295 786941 954268 780905 992493 250057 645142 414807 175008 926484 484429 187687 810843 655857 793649 
170357 729077 963661 311534 675938 902016 729283 985959 399946 295483 131202 216592 820297 430393 187275 616132 907064 150066 425712 433057 727938 934099 442114 664813 254882 272675 611956 505937 602636 622274 611466 820627 
237692 793508 189683 754063 220943 377971 739870 152547 118152 322633 534222 403769 360903 300322 427849 466658 224025 977586 985817 973846 162451 395795 841193 826802 211237 597154 636279 208645 565221 341173 252530 906136 
271120 791795 237938 711063 101978 687570 120128 429209 666150 245787 417193 539435 381117 155073 784904 262301 989785 844588 694140 605476 293812 961972 385049 853554 128470 297285 902735 663034 812708 688670 869338 997580 
956468 292069 522560 635722 990247 852875 328099 586914 874531 574437 877606 508273 180387 819958 132400 512383 618571 879151 134624 860042 287201 210958 516026 206724 780304 281105 455961 833099 839000 980361 964472 112194 
713466 581867 707522 765275 583095 525919 818148 131862 468740 343227 296230 983769 483382 224556 648128 377071 471196 624917 811810 657939 771140 189201 759843 209873 641667 402700 226804 372522 284222 619401 814202 900766 
753567 948766 734437 590073 971603 268922 808788 374366 743485 948631 742003 742489 168334 639411 956475 584113 335232 670261 752967 653167 935907 455394 257515 705983 973712 182952 425023 455850 293360 588911 537542 221881 
761851 355762 238863 567176 449378 840018 553801 979966 155005 574068 557790 674522 436715 342137 717686 358146 816422 609438 546766 235648 584517 624448 133283 571073 312544 958037 271474 742012 871010 640976 698877 820490 
755709 837883 494216 728351 906266 199933 478159 934223 661663 801729 715386 629669 919863 193105 375608 936244 187083 406388 157484 427701 275976 935686 570926 761059 549712 302415 401050 165339 812361 319112 582240 771110 
378378 500363 353947 885280 879143 519076 640549 541804 796125 619102 398330 728094 214104 976896 842542 256725 470956 455615 664272 266746 727785 298729 407498 473619 929320 558287 240385 132496 128768 797736 541478 359181 
119007 901057 722220 231447 763003 898390 623834 836534 128224 529457 985469 974588 284784 837701 515569 810802 893423 522281 412108 669439 963379 862752 187167 119499 555843 876727 407349 324918 559248 990167 146816 237026 
650056 412299 627137 328168 517629 580989 530831 929374 251557 849450 281505 989771 792012 458031 773321 969349 657054 396652 819380 220865 460437 619873 906595 113772 951973 262581 588951 718835 717320 655141 936046 472089 
694227 833353 287290 592320 815372 632027 701063 111224 439656 710462 421536 169599 216621 583310 953784 258480 836099 569694 535523 858840 743827 132514 456604 807383 958010 717074 505801 765242 754265 217596 352654 707126 
272437 577938 403355 981398 330981 647286 379077 706816 222651 470886 846000 518217 573127 572341 563532 914131 734446 663307 862929 493093 408022 570962 595223 321211 642136 358976 997840 790739 766089 358525 775926 339232 
232548 485346 127178 487053 469667 895563 828133 842971 507739 326831 604445 467019 340825 122594 830856 693540 409856 817639 393184 921766 765785 841676 662128 225786 287382 445811 269938 342403 283729 319060 786505 253012 
988048 224079 108964 549588 930447 777250 711035 395320 463955 443476 834732 147118 356087 822316 394362 537778 867242 358628 959485 269477 477852 510549 266087 755469 348626 275687 114845 998592 365894 742897 429013 568539 
569630 853451 802858 332411 113114 192229 602686 134253 681721 564331 749798 494272 983844 228857 951792 269150 547502 583636 140125 534014 711735 658333 914613 631446 359661 219985 831026 391360 258548 816408 543129 757655 
