185782 906255 236882 808323 835279 627001 742628 516599 374070 319523 699935 213512 386980 880078 862516 870982 224575 174810 357568 495036 968144 825868 650142 347501 329699 963958 843941 414176 916628 390181 563946 335716 
363299 329540 617386 906403 132008 159457 316133 971364 158452 323354 710411 659651 749983 802894 258694 645893 720497 415293 953213 987958 574356 933780 606867 178774 818733 479210 418175 479880 819778 953191 425818 321189 
180309 682073 431269 589591 728200 998600 537821 446405 864907 622460 907403 473952 338983 626816 632321 109388 944923 954720 248664 509695 490142 847012 436524 958870 864386 200171 740507 572589 477077 245970 566282 266858 
786537 933479 641710 624950 154524 290504 582716 917785 482041 593514 466895 542260 234825 712468 442920 473528 109117 401936 328400 602812 249072 641857 464277 149286 807746 273812 903856 389263 426725 812109 910889 782582 
574543 177171 291862 536100 626494 500883 981286 491166 677844 303065 736296 115427 910142 201456 895823 370707 655535 134240 575486 109327 963175 504646 192680 673415 785548 489384 194696 842139 706575 253007 156985 850050 
783435 843289 729454 139514 730652 402781 805059 595303 784972 697788 486959 741084 850890 457572 513081 980528 538907 846710 473129 957878 169408 585578 958451 402093 548902 464877 932145 205522 161470 423379 296853 650399 
419754 805264 924927 453470 689542 270541 330321 655975 318602 268434 552666 339764 950445 732203 965915 563359 400772 139173 699903 804055 169673 317208 517682 463592 858951 874149 979902 279792 434825 287199 331230 491441 
763184 507152 197176 663583 528303 149885 200115 369122 736045 152574 279034 799297 577067 419619 160496 253364 718827 352886 988270 851360 832963 274310 982090 733401 862051 501531 517556 753008 740391 710928 560767 451801 
149862 250539 417979 163387 256196 782747 305321 940185 904703 761507 804718 783864 323239 934476 580518 773621 684930 141518 488615 731294 711471 667355 724577 889559 564661 844772 566371 866250 855920 931810 585144 891936 
802447 105362 970427 871406 533626 306329 992098 484768 764647 896224 377721 865351 878018 319512 570566 957674 893768 187516 914864 101763 820779 126500 228183 931207 725113 446425 406349 676902 705964 945745 401262 521336 
127749 682886 908148 734813 615565 408911 446807 348682 915526 918497 273039 101777 270826 151221 275322 403807 747187 494109 664880 123137 689950 639066 446942 722251 589378 575788 412853 258136 985339 304163 615215 546232 
637518 714227 267873 109808 502928 809087 710526 433161 228717 625851 494935 963548 684902 705460 214790 633071 882943 625332 113969 765274 629103 801301 427142 726665 688264 299369 734000 794219 561766 433732 793811 575802 
299862 930110 345729 528357 686349 294218 950431 186381 300798 306966 386456 549486 549239 597889 839488 402292 958949 684253 796645 102698 635591 722078 453502 365055 935827 911825 962289 369688 661649 524370 239932 831471 
332387 198219 756085 621393 427799 237169 457841 835802 475255 613302 437371 568046 696975 963958 550157 515973 409386 930871 523154 282371 290943 465759 730951 769030 546462 462049 174718 541449 184366 856281 322680 558732 
122323 444148 580160 363150 440069 349487 728066 984594 488110 966964 600244 951518 160086 382758 151699 800985 534393 474388 732272 886951 127583 421795 505923 989620 147810 336647 194759 859888 457873 160192 335274 977567 
684523 551221 494835 121339 833711 411215 749445 883625 618153 478069 757729 979630 771390 247885 696898 177350 945649 921487 413462 569820 170434 192839 202792 562537 371732 644394 991551 684362 415995 474730 479874 304519 
366369 712446 974911 496290 563658 645810 738700 495972 805141 548209 781114 735891 100148 790793 572543 925429 609585 940380 883994 783911 775597 476044 751004 604493 926715 276785 593594 331979 326838 100890 973142 262423 
829573 182150 956243 726716 590212 144721 548162 322191 394079 302665 475883 913513 292862 367057 701753 720338 153013 532550 631800 679683 160792 492951 167123 675266 976318 429101 486686 954553 747541 949889 761733 112705 
261562 623664 310241 874657 852624 184967 978074 726898 317061 319024 629724 458696 888554 821136 547799 561959 468656 905577 691870 565908 602557 700431 619213 642902 432682 345995 532538 312094 588062 783594 311319 972359 
586168 396730 221087 560738 747319 432000 288257 709917 434942 501432 390925 774652 731607 902737 804354 621607 204834 801714 712284 791119 507620 457314 143543 573774 470795 220070 829609 125298 694426 325870 974489 719221 
550324 766571 711463 766281 562573 376670 147945 450944 537020 154860 385020 722323 285549 441290 831887 927868 957662 425417 234254 976686 585004 389301 927952 166321 395610 101048 431672 471215 434230 584825 261551 380477 
919015 508028 284741 968179 613300 881788 851195 372460 471551 241937 555199 458525 765270 108782 501935 925938 575351 487237 159710 717538 341041 530445 325504 620117 194533 188589 633197 564793 824709 549599 419969 258812 
517460 266781 837589 821431 307420 440729 206349 372007 540367 495474 441669 993713 421776 952851 767906 613020 783793 597885 670479 246103 203134 310264 894325 261037 820136 617286 194698 864346 796560 592557 491387 177443 
324913 796900 650814 239830 230153 452310 333286 623603 199395 972616 396889 373640 919321 900733 774131 208345 392454 937684 180763 893273 231908 286157 653286 554823 401697 841213 505665 632459 545897 383305 357226 540891 
978503 805210 837314 438041 331434 612274 650487 681261 533568 311694 133523 269924 803380 871139 349044 643358 637016 873403 797311 803534 515736 977135 342594 234044 868459 422154 730687 468110 236450 943770 298499 593121 
650464 184006 342588 304079 697058 120721 391849 144734 388359 351773 723434 238907 589441 999632 353885 636972 970906 279466 776768 392685 642883 147677 164075 459270 817556 760868 336438 948510 569688 725165 677332 226684 
910125 233074 685859 768977 621542 620969 409501 560361 558553 389913 353198 262815 670756 165994 886954 395032 884051 451440 301926 403863 203312 191907 863627 928906 270267 647434 852732 909355 378185 119587 862644 115780 
322601 618563 838545 710062 332903 492255 125371 928023 402577 175450 819461 163345 572010 183792 479505 423170 498247 410845 117925 491287 540608 233552 398526 509493 844993 656322 811589 285013 625528 633508 577557 288658 
654729 736167 729874 909024 616007 904904 570748 710322 665623 579542 599142 429142 372171 108973 195883 159248 305000 847184 510528 388541 730905 489005 914257 208493 796559 250590 282920 785077 664212 219047 182803 108610 
748789 461470 536708 128251 373377 981659 633804 143001 425940 875243 466415 406908 876951 597132 580416 473305 862009 321094 429916 737595 785562 585844 769171 470362 432881 831097 797556 787359 127399 225934 433807 529318 
509746 112649 627132 257606 933645 782245 461249 169826 485328 950205 268716 614753 781418 360478 721776 723379 649032 229026 334762 299421 478471 838708 931658 823414 453351 485742 779623 962674 244099 185265 680414 148825 
338014 754020 762164 883513 261821 608670 667632 334104 945236 942500 467618 860843 673973 234075 775597 720897 102927 844521 475802 835022 393316 642569 406304 768972 714820 953423 623850 444292 305305 967194 722792 568077 
