736072 202784 965484 679621 601290 577687 619599 364363 500257 214342 899027 327683 778642 837858 812516 548191 491199 949095 324510 864395 548000 358408 417548 522024 751107 884054 188733 635837 978378 898259 330800 534903 133783 814658 390610 522854 530813 212078 817510 275703 146198 147239 715087 841066 985640 514693 643302 440359 256032 191575 921714 249540 595231 191465 941762 150188 181532 111371 770864 534059 775510 311324 674420 596851
720188 782121 379638 351043 306977 372451 791631 876602 679455 871688 269021 109433 175028 289201 617661 218411 743980 680075 352269 574725 584711 391520 889838 791684 164058 804875 106033 529038 824773 697626 531705 598436 614888 181573 572536 411638 768408 845915 636062 605210 799900 747646 532188 191400 308025 301679 558629 214105 192676 194632 363274 455099 313039 623532 160883 632225 156448 471479 291533 286178 452238 228394 604791 972790
641701 142660 724828 420070 391940 392032 935639 309830 177711 884390 385194 661194 949435 596470 261105 665508 372857 196451 742323 129190 835466 369427 204891 502573 121655 960195 605119 569044 224973 349324 424183 152167 694455 338446 502841 887995 103431 830228 400935 922648 116627 820270 626798 193357 491863 318112 770177 152709 286777 731743 526388 230465 290159 734695 156508 684984 178496 267542 415343 529995 460657 952101 620328 281343
634630 285792 890337 860059 607640 305684 407559 729146 555002 385003 961110 175109 932947 333406 848759 928564 673299 494232 213813 471454 278252 618657 679702 919211 607765 448600 386699 705249 575653 857783 979283 447645 179841 459913 940723 631337 926719 370598 295681 269042 141538 814900 503316 838342 377503 136752 695599 315698 298878 322913 961649 257887 723228 778125 409199 327034 303132 118303 575586 413620 338547 278501 407131 424013
772880 194243 932619 903220 445393 745962 559615 913806 974888 149759 418269 449488 240088 495427 491024 879231 446459 825631 412667 895222 712569 181457 342050 583565 379715 987446 192806 588258 128181 773713 341392 305950 999908 169074 126997 918070 938359 955239 567431 568638 825890 146309 959640 211128 918477 771670 468670 829722 242311 187882 785878 216192 240446 433681 317303 189644 872595 830206 878721 960309 570024 227105 548903 315675
299502 948031 867539 254614 135907 417075 371916 153816 195897 510917 430217 534328 674411 203810 442362 110738 118982 951968 643813 289826 853374 367713 149316 517956 135436 416417 768821 813262 297592 804246 914510 345637 907612 918129 802753 836725 143232 620262 732807 256432 163015 447981 114020 521569 674163 240797 828326 853461 733073 560753 894270 471433 810538 826562 993229 361853 219207 931012 615603 560086 223788 505715 786594 208119
120484 653667 313989 209507 622678 105367 312499 697481 434943 634073 549939 954298 862831 677099 733429 861512 310850 318025 490416 756456 650174 786906 222071 786134 858457 835915 741031 168405 963248 902332 949177 822545 180176 454213 985641 990695 283742 439965 665044 337203 341201 232735 666184 384268 525198 506348 905895 627644 996228 754124 970329 809093 400434 655215 712696 383893 682942 584559 699475 342731 830642 563999 195111 552740
617467 344353 816120 184889 386113 291497 994563 662954 780196 132706 826963 487886 462424 525309 117626 322002 543573 721311 842341 775162 236819 996425 799193 270952 791103 344734 228542 984942 148030 300872 316882 222423 792247 381338 522269 188846 365224 303044 952397 301276 859556 984329 472464 861635 383928 546224 298744 431517 773355 169362 224845 925561 294918 388408 367135 586218 705339 306226 629903 697160 497281 614867 421879 450312
755525 538326 879351 327075 423595 597790 947903 296461 757216 286040 803972 520639 367745 336140 608844 879850 302426 463306 748879 266560 700310 931114 334117 164031 474704 889786 135691 547924 153080 541294 684129 881458 663739 771618 349870 700762 159516 498742 317573 312465 396731 653622 209918 711618 490915 968230 139732 325643 379183 910090 755234 214546 527406 747614 930968 515877 634106 227088 449575 182214 244964 941843 187734 994312
240990 342641 628913 439954 227161 893319 827751 404195 326018 671186 229205 490959 986553 403096 981565 746506 481324 333188 305133 234350 872856 314225 469260 349768 335033 654645 876083 308270 141663 993006 314616 628982 832062 420023 895755 682466 779500 859376 775569 944870 281636 595858 750221 185009 864168 838077 221044 121340 691227 273275 473075 716193 241076 411457 912945 340482 746083 676374 587505 228713 306723 841840 902507 487500
323396 774997 938139 646664 135885 843331 934434 864778 422196 811488 138124 878605 156166 558916 533123 483314 695044 562724 836892 505235 881798 521279 161919 195793 402786 183096 335119 946544 576251 385462 419517 425373 456566 634206 925263 610760 910437 969286 828660 455711 536445 548718 872776 535265 484957 343588 696700 346348 105888 711923 972702 277096 492615 980992 719431 354069 659392 729312 726465 832213 680654 235756 465579 944187
680748 665500 122276 671112 651504 770680 345282 323155 762166 295430 850335 287910 251982 405018 793346 141005 726254 895169 527857 885442 874214 742311 627907 303324 313192 747867 682571 120113 436163 519917 103401 265838 918746 111441 877500 506795 879344 619492 523665 918603 992484 726815 606510 356295 262678 869127 124646 530745 235582 138736 638312 476941 576315 781008 108708 173041 543414 498324 156850 246507 842315 250830 826339 191244
303576 747523 468796 638025 466214 499068 562963 366218 672510 988599 681644 237619 791407 102351 550226 859656 187794 311620 781830 953566 627855 465415 874122 826811 526809 851935 278950 160300 419855 518855 957181 349727 768845 743995 149608 693182 787294 713967 104180 853938 800434 583484 456770 966353 543697 205851 341611 911231 800568 372733 852433 393996 965395 978806 350711 985787 945174 252268 809583 845314 567889 280401 894586 213916
688938 693535 822817 233376 323625 675601 213631 144354 395687 320198 477770 482241 336219 892258 994803 109732 269741 855379 763479 328882 230547 559418 986284 983785 619903 113929 210845 632874 436391 943571 622203 402484 437956 568288 769121 348537 935181 312641 839522 153036 747520 220157 895845 305479 405868 992793 376330 668838 861705 455361 287727 497639 595246 652822 946600 534067 100517 869000 573482 648585 554991 305445 445226 741654
871050 408679 418508 462918 637195 524446 402612 585082 706280 261256 400391 561511 398650 939829 495404 497924 329638 727775 670120 241195 732311 546290 919407 745650 968289 178196 611967 179196 749260 624874 265681 992418 521507 509867 982076 848173 923151 865880 419093 636299 828234 972492 759194 215986 796408 826871 834103 490761 312285 648264 262753 399144 650267 496665 680945 156030 425506 530825 944983 436037 781430 434394 249709 340411
476143 730300 465793 501353 861471 173963 911392 876075 706668 155079 817202 292753 430516 825543 165836 429822 489270 815226 344596 943997 902230 176677 315909 310625 712184 463058 147796 891503 602670 741183 957424 625457 801819 460695 822454 159170 703267 873389 691657 537909 783897 972957 579132 945655 604811 718819 220546 545722 241578 593148 224497 190308 875848 325444 536371 690001 174553 623244 711227 953350 893225 969726 708395 850104
802093 757019 849091 373107 920119 426098 273979 332212 727944 507870 715422 835315 979795 221645 905138 108673 457590 168004 454344 139872 560739 409120 986875 368406 668755 284606 265865 632805 127381 896449 569866 686551 260428 984788 734113 297216 258339 987690 297193 297670 187557 723592 176684 810398 296038 989502 753390 311315 554756 658531 107311 843153 482515 877149 664799 460942 296951 879845 821266 127643 985073 527657 674873 597002
273028 946144 899361 277951 767803 992628 741623 738749 152034 588530 885160 200943 664948 420388 493238 984796 453541 987647 474445 258085 378774 339743 128088 768973 298694 377473 144737 942287 542315 356777 817304 574956 500119 966699 866159 919754 438735 420480 937227 771880 350167 948775 745512 965045 482529 516763 509637 965248 564855 452991 432695 257934 955044 508499 865603 400493 510194 206621 293903 926158 905764 949576 966347 227864
484779 596573 470484 876254 202016 672415 782401 609374 608793 872679 546992 516868 931220 838017 230613 314803 645834 578915 375213 128779 522485 304368 596378 176687 957454 589353 922695 891734 277680 143610 669763 256016 353817 132260 181201 897308 378001 618593 529600 643909 656112 737170 761050 448616 152856 504778 862028 705710 967081 162081 740531 289377 429758 780496 891784 124561 895055 874301 587360 376750 296334 582133 971769 772505
441514 300604 376777 370204 176105 389303 992137 152500 180025 798699 572183 526440 667432 763399 791692 542584 562340 705680 470370 448054 456655 515735 537980 269316 694735 644444 334234 435179 301831 879292 499109 145671 385555 498725 281607 542890 896360 269806 493513 481047 822262 203892 886122 641672 666442 844393 280373 807354 544525 993229 968689 488916 559596 624014 292575 208823 813745 286025 617648 623852 390419 952487 691694 917389
176276 617270 244477 470249 923800 161110 525430 512273 212895 557769 366092 279145 668261 170140 376548 137785 800617 155568 931780 996945 781327 919722 300902 520055 862622 724433 240859 211229 715930 946873 970192 132226 424558 173422 647061 787792 372314 619320 957515 502159 658091 147472 550375 693889 598537 606293 147457 578041 890442 398642 576398 726700 748195 277265 820250 733455 610312 525806 723073 525000 583512 142506 846447 805996
510356 843857 482504 481145 724840 319750 367796 249511 349601 945893 806094 793635 128847 132826 932668 642312 710948 876315 958029 434220 422525 181037 749230 409085 987717 612823 396204 894249 895492 207390 386442 167359 756039 485421 885381 786375 868970 878243 775098 134417 121369 486794 856571 726892 959711 990065 438780 461713 568175 435327 561847 477690 321938 492525 148353 378265 885905 573129 991229 520682 444552 736738 979903 310652
987321 894771 823550 580816 967090 956952 191808 881582 646503 501893 788495 835791 571243 772267 499830 403023 392313 535661 707542 654599 783775 394276 373141 370621 764713 895280 673782 870427 651374 829171 304852 799807 913532 449892 377628 124020 570194 988447 255367 654513 696010 251911 272705 812021 141613 580692 469012 299021 191607 907700 351936 945899 122420 797340 526000 997280 727001 797692 332515 757896 849456 930865 582332 352623
192538 277839 946837 554507 168682 785222 674028 576130 296782 468009 567917 512587 759419 437812 771627 255561 195963 957693 306521 964949 923008 500093 193821 726553 417216 310973 319813 751116 771607 132698 556519 750051 623344 355931 168761 178783 413487 204143 522507 364120 592174 875391 904811 517933 412605 143298 243114 842520 500191 570016 275379 896055 172653 429161 295901 877067 279922 491548 260672 630656 369929 241328 622520 779467
963718 227083 765378 123570 136738 979915 998137 280953 892062 473254 449775 885894 872719 538324 593886 751702 136557 578817 256576 287856 195477 970699 902880 975364 900012 172922 345643 575897 348416 708791 503159 865130 732224 234398 673754 353362 999035 794256 600576 740805 831460 249109 176451 758508 742370 715502 668463 952078 391323 449608 991778 259175 776407 593704 598037 645428 882927 588272 725863 306982 434274 738077 450644 179782
473769 174244 478288 256673 673328 114384 451025 796098 121506 389123 998443 949385 175374 147229 315332 247854 177691 712911 600312 799476 348121 420210 130041 176177 997455 884262 248655 148721 123842 213638 391088 854543 495549 307867 157456 611642 411630 674017 861451 647020 380931 850304 663628 535157 623972 357985 911342 515561 434293 272961 154586 701589 320948 811478 207703 261298 931408 228720 943205 835415 670922 584481 869950 962488
890900 650232 508885 628579 665192 996795 793985 470730 527923 600488 507654 192936 812408 871426 245944 215734 253409 148119 450889 482529 883924 732313 262389 197810 831096 354573 608704 233332 477071 673184 288846 596009 345326 451628 818541 103797 532778 979423 818145 172462 962355 813797 747155 940406 939244 449594 265742 951513 730433 329091 217953 718620 375217 450881 299331 823347 678326 519730 824298 392783 605783 468709 482926 451571
234951 242214 503921 215026 193019 423609 516413 626829 552982 416383 471810 176468 698833 631334 787723 189869 824086 775411 539245 174000 459503 280514 372605 682892 235292 393992 722423 302770 616564 546647 870462 977807 847097 743091 609516 740928 613046 763442 814237 354968 449266 814375 983574 339243 964672 187770 698413 422105 453841 116009 805414 224773 662254 592144 500328 926800 838701 222830 203864 750641 921497 827554 807935 693116
958895 274798 253220 419143 637758 408230 520201 467906 183572 134782 915534 686617 591524 389360 988981 455416 506620 941468 172518 979314 652087 675920 643923 331789 767368 280234 142258 224235 939896 892915 526807 717010 101564 631079 574749 582579 993713 105617 486423 910571 231410 724015 944693 336100 373777 361394 301698 247642 968220 882576 830576 158515 562406 586483 262181 921512 790594 714775 338581 156422 867396 628480 527261 260919
157590 709959 252412 316954 871155 517404 996204 665365 214678 997410 384588 446160 105468 208240 239966 154674 335898 586842 886032 931964 606438 542288 620879 873299 978880 279468 702708 485474 806084 614865 348409 106958 400525 440404 334867 150425 996267 342118 702176 888535 960675 424595 594507 695624 584970 873933 328250 828254 653143 400593 677733 528109 344569 247972 314912 312275 442824 233003 732584 196137 319539 487591 726067 215117
826192 344150 411702 341375 610894 241007 451448 584252 661929 390823 101464 270424 777154 492133 345983 464132 963936 289461 134180 143175 594652 914681 393408 565826 544608 141017 987508 208756 772587 553739 367147 713861 972666 285374 790937 570043 295713 608444 725253 644133 813206 522045 647172 610176 746061 230019 740041 475712 498220 277612 519563 314387 284932 691985 233280 151523 923849 823966 896764 128147 162875 663389 392151 289581
541251 526337 241450 537806 950751 625336 705072 518650 917831 550481 597670 110846 534869 495475 696148 972350 172117 122861 607271 762642 774623 132703 560401 825035 131630 571540 533595 401149 306435 278783 205069 600787 808639 604477 285357 657245 158136 243060 678457 349761 323751 990953 246672 669948 481223 784271 607966 965066 180506 691110 172919 379190 603006 356199 693378 170630 591672 116341 930555 182593 902472 388541 777574 233284
689585 789813 544541 589652 624802 882996 484148 250098 455550 911523 590738 846279 142647 571177 899595 938193 914958 237979 574848 824045 774627 675625 970156 111691 374204 967404 304719 431873 940194 135968 906339 755547 747745 895867 366173 700599 283248 207235 953528 813417 611160 540298 218005 340212 115828 268622 439836 705242 277062 701551 332108 262312 211515 954259 797225 575871 294870 597701 951812 542376 688741 765063 551605 607324
852740 276939 666964 885634 381954 276292 988726 935019 149252 135001 603806 744185 159293 899775 862896 998804 679488 935570 528051 689706 268285 336793 605110 172018 894101 120068 755388 786013 500788 919027 906098 911904 480826 660191 732229 541115 103851 300743 256919 768376 822596 310942 262646 573082 717278 585478 169384 934021 591233 855471 897067 389896 431891 161246 294084 836738 840060 302771 725307 899748 422855 927338 379887 271111
362058 560770 826747 317052 202843 309786 425873 874828 784134 522954 930088 818744 332412 319094 127402 241378 559125 304229 253573 661050 341871 693332 827638 569539 222069 818905 612797 146811 732542 614814 346885 535725 504925 855710 272816 478530 238451 639450 528639 962931 993739 309802 217696 907979 694888 393317 830731 555621 590874 769717 566424 852046 191477 133360 979501 846960 822606 313369 566345 443544 778217 637360 303477 842099
175810 152718 446264 575594 488595 632471 254428 471281 502954 364182 316813 662222 181408 507376 723357 766653 760218 775170 667638 667102 806968 488554 777461 766629 661232 106671 759343 786661 644845 106625 594706 115675 146368 677017 974225 292297 244328 514275 786008 725228 131997 517603 193397 451450 156210 249151 386218 785226 139179 412366 703799 901093 506544 625067 590621 766891 542051 932748 717071 522510 809516 780632 257695 792605
987761 341462 942801 467577 200008 939723 500923 293773 385662 660927 459989 347178 214713 326549 565351 901594 733708 183260 698887 918986 798375 526720 821587 311344 993246 271297 781171 522714 599284 252787 108127 204681 446765 475583 379249 242211 201961 791337 692948 997946 845699 523243 441797 737328 668347 397941 275435 728176 866099 787070 225344 359832 278811 271896 955881 647608 885520 140633 406871 876855 601993 249197 999884 326681
695368 712666 745531 267077 453372 279901 137379 985396 814592 218560 285823 143515 963987 534670 456097 716823 988826 633996 556808 552325 936579 131423 154673 540291 585556 346866 406917 344138 993554 808665 929429 948085 397238 227254 251168 653834 154460 381251 825724 522106 983131 453992 989615 918554 480785 994384 506772 155535 620053 405831 609033 587136 865230 387573 581204 197520 421822 904233 611631 836020 884902 153195 139105 869917
215049 989490 699229 959153 534619 959179 250139 975932 494525 375680 407073 386193 215868 880236 365656 704811 285705 901928 214533 810271 696055 953302 235975 476683 590670 365181 513443 768685 150349 926324 252775 566521 589260 973677 419100 201634 995794 287721 804807 279816 255990 945802 215324 219460 713690 708029 381858 732011 995211 755905 821275 278212 119207 437279 400736 615621 294258 265047 437303 767579 872241 512033 122099 968087
974110 898880 777514 141571 426472 843808 961122 797927 555783 229420 227553 887006 200477 386157 162032 315974 707389 967684 743264 696483 739561 969584 127401 334656 200041 787593 508198 689292 992733 167882 822576 234379 940912 729149 657735 347184 473025 660287 446772 175289 220379 896445 157099 682866 182161 410840 176525 574417 755618 543515 729361 899496 804533 590002 428841 181027 885699 312322 226078 298195 751492 320405 463146 802658
992424 475187 382051 598071 123155 592169 921731 289498 104662 492746 450387 646374 881980 404413 867106 482449 296101 727980 280872 195777 747455 343650 695544 589110 886335 882318 987202 176210 213726 205325 729807 998576 912465 955626 327219 563445 894222 619052 283970 665376 399527 588113 764471 860069 193467 575157 583090 575065 240803 614465 541611 586780 430605 570417 466169 804421 929125 568010 685797 383575 501725 268961 727996 616461
950327 266864 306355 552128 277589 408603 399248 121711 756320 489323 228000 218508 401580 292155 137674 221496 182200 721899 665363 979303 954138 563525 156684 972105 997283 311664 132948 874740 880114 393169 185274 783337 698670 120584 156622 340089 614016 201845 324831 403205 202527 164756 480478 236877 102850 229743 790837 554759 664231 514717 810916 725156 649669 884748 857857 722022 565491 513455 340914 270863 260084 918291 545484 104330
627705 355374 884087 546256 282496 884070 528524 143152 712365 858724 603289 785474 105342 532416 712159 866307 442295 113293 629967 394955 648419 141398 635772 572226 268488 141797 923779 832979 881958 611705 722508 691997 180994 497465 776014 912110 234496 376287 325338 815816 895638 546029 606179 660936 152905 112913 241054 436089 863643 556062 499426 283709 342735 204624 969194 304489 959235 919048 981578 662675 889505 654196 119531 159394
397163 752008 602182 532783 541650 747742 780413 254523 976368 166765 371512 377895 740351 941143 200704 752342 203543 323735 451044 843379 583126 765856 847752 649224 180258 236469 944514 502734 481938 803785 204822 440789 769265 610286 916729 223146 345756 797877 109692 686994 394672 984047 501402 670561 301578 437768 944902 453165 641776 868989 794711 771256 517305 892160 178585 328144 313713 117889 582109 671856 762141 637030 675544 679425
639810 559619 332510 177592 304552 921067 149926 145646 106250 825053 413290 503045 932577 380277 998643 273315 995606 737644 434173 733280 492443 108557 266146 701035 723079 552761 554605 733579 804502 160246 364776 278853 741492 511139 975634 917201 412476 318626 359547 395705 808901 189262 478249 387220 498030 826494 997533 398314 631087 984150 101821 985936 679150 403164 613139 897520 353862 689821 115620 412347 983952 665716 783551 669216
219408 470092 330500 100362 591920 647820 255717 457151 545076 411900 576846 885181 359911 490304 326686 500868 952441 283247 260980 602017 654607 551876 120181 550325 180241 526316 551925 866911 370797 962446 516988 632619 968540 917581 740177 465399 434433 826917 236266 414155 829116 227372 488329 405808 159417 915956 426160 308875 690513 982999 392326 113413 216265 189727 791645 726453 439389 719593 306059 700188 355499 408836 216182 159698
662787 744383 684115 216809 536518 209671 922723 145576 473876 179749 316157 595690 245051 511710 164295 861897 664488 325939 592328 538281 686438 941820 661580 755902 400734 765718 867024 903883 846480 479148 933872 145706 515319 135067 516243 795636 884639 256365 786658 832609 944464 506338 332813 879810 538509 336665 862126 892083 692136 109105 377775 492607 755897 290750 138218 258871 938568 731686 688473 139641 334834 125303 239974 703158
367513 282500 946373 131606 405743 246572 164142 435706 815042 877474 766549 840812 582834 213239 819911 588050 890013 870606 182044 979848 443513 644221 661061 959441 292480 483368 473130 751660 504936 233798 363921 927168 360404 665847 442635 656454 352514 450488 926335 169343 841241 262419 943621 512525 880283 156799 650744 120905 310948 243348 277512 344124 508274 353272 834445 748031 624580 893570 406136 492775 348770 660934 929133 978898
222163 472896 254853 216706 230320 459582 594447 841619 814392 723835 738416 770191 124002 831505 222486 224015 845093 448554 890670 766412 898518 318301 894602 648514 846485 849061 731330 813600 265923 938096 260991 864221 971946 995223 928467 985077 695028 348232 606192 873528 597088 247109 986463 986682 923676 285389 710268 507936 334079 849311 850279 403679 149316 646113 456038 920218 126717 558046 753395 845517 519141 133862 624235 593647
722709 381196 410259 775925 608783 834476 654832 439287 851069 865925 779453 636435 334148 163164 960220 684249 605884 729692 175494 435607 656146 219961 378098 224087 142491 238475 780624 448573 615244 354782 890216 363508 392195 560077 904816 958596 440075 170862 949246 188232 146026 512240 940297 397077 703193 156124 270521 898805 641990 255236 519388 769439 153502 704236 367267 598727 444603 961016 822437 767853 396651 265162 865873 508365
320151 479058 881306 559086 778520 687037 617943 299710 176837 790778 849994 354867 269936 375388 431293 572334 503420 907050 626823 150823 133983 909437 822320 496173 107711 617824 326717 175184 259172 214539 643262 427825 730420 984798 369260 210942 566087 414182 967051 230500 659781 200809 967855 668011 209334 782925 530391 936843 650135 403548 962225 714891 340265 142085 289170 272922 566367 718967 274525 304665 865512 995334 785737 433362
923206 768582 180098 132442 795047 730475 829139 575285 799358 448653 982059 527506 585083 116731 673880 244059 566211 160298 311014 960008 361103 162596 174892 444925 997272 201317 552799 922746 697791 319177 922313 818354 257582 721368 998771 766101 830498 533389 852229 471714 126665 795995 205270 209844 581398 137388 162865 859571 967838 746169 415020 338360 788338 734344 534857 716220 283731 718219 842951 164193 935076 630887 519440 454811
621174 821145 862427 873912 794919 480555 906252 173944 469636 869520 614452 523555 526801 395537 348842 397288 521680 342671 681395 591176 898535 702802 333686 469517 641709 565583 210421 252145 436466 310394 583871 880846 557955 235441 236792 960082 282266 800198 161597 362345 478107 749938 679613 897902 406433 280096 878131 878805 283326 509619 545440 211286 303182 611091 831496 359612 516182 197231 802127 910705 888130 196217 407330 998731
291315 595017 829593 613046 793507 894735 687905 527906 558374 515769 407649 779602 814970 568966 707972 459120 853590 622089 370500 438756 540466 210559 662161 803515 420802 911019 475303 855403 165001 215530 594408 182326 988964 536868 902995 545206 463300 269000 858660 818825 394793 697765 653890 463885 425495 831541 690018 780735 768394 943927 465115 169456 158097 306946 628865 563386 152387 911986 408441 586469 142648 484443 831508 981761
580472 851308 473551 771793 692115 285900 870982 675126 318994 498276 257423 932157 816912 407807 562518 893931 980791 353919 248036 656441 114430 860833 454447 254144 939621 877608 967436 917785 648377 468083 733287 275450 542143 667462 175032 523979 863616 216366 431859 331880 918853 198552 493004 830076 923069 555874 752251 190726 757966 189281 193169 268705 471392 257210 747187 412009 255567 652809 793582 805261 894995 221439 979815 516331
636467 206634 915176 213596 704248 536556 352884 252490 892890 123438 235478 478002 602910 984133 337453 995093 354130 571763 435789 338579 271788 173182 190559 611243 983599 256536 391737 499476 205064 696198 480138 625809 668557 686694 834317 647878 906338 166509 290725 659260 713379 677080 679583 181318 746506 184122 406559 124869 296255 334162 962064 407797 916886 493002 329296 272543 256043 696860 624611 695949 137381 678636 176727 494875
535260 837345 307477 313107 782427 878836 615305 426351 819826 743661 859142 592588 360334 895527 982257 865547 279388 377839 251662 729997 988894 412947 482955 709275 941139 477289 719605 189339 847377 193343 607943 712489 714547 505849 892024 379217 918854 542033 974245 114745 431693 566745 953259 328770 994483 645076 139047 723407 868122 928958 650774 632553 167090 636422 383863 613339 593821 536514 210285 733356 581905 384241 182754 661973
190477 821646 115787 967309 309157 809447 210014 857402 917912 291908 872559 286292 260297 339063 228364 568447 579116 191453 345204 329213 201211 863566 307248 658608 357952 230573 421621 105761 503898 634321 149096 994244 632933 993273 875618 101632 160056 615566 550582 495978 983020 301868 669505 937556 359809 450325 817029 996957 862844 827974 843550 615524 756882 644571 237126 120293 229856 351916 899888 771645 659699 398660 502190 402726
111691 768176 342692 931980 133635 454436 186578 709661 102481 189461 629646 754224 528942 904652 567146 359566 288983 319279 239932 511388 439020 464964 853564 906279 475887 178154 781311 931356 568182 610678 623416 875809 449711 953611 387797 233273 540366 551244 246181 204261 180715 544146 841272 929034 990808 954499 179215 188250 788081 564679 948597 217560 496548 873074 581078 988280 779321 606473 849474 237396 765725 567749 150265 315699
895680 423562 796518 411028 953886 339320 623685 886685 294209 868602 106784 503640 430219 354363 947644 184321 766688 628105 574293 352042 156454 619416 938432 915460 536530 368403 422113 454849 790392 829830 192813 522791 433218 944536 229359 468093 856087 383115 418075 733626 572196 763382 663872 563878 902930 151834 807360 659541 381549 537525 754636 459439 571247 813903 384571 234942 908868 671133 119267 153746 868886 602846 624449 391470
142774 474904 141484 530024 698491 252547 650907 307886 956184 888635 262941 934807 337628 517274 508544 182816 147194 536656 201965 830654 947947 921396 798311 382262 959819 815201 541482 942669 753181 474832 542026 456020 387100 673865 484330 296949 699584 454442 650599 177887 917767 866394 601759 652520 420092 157510 771699 991094 670482 503897 796189 719399 196740 212184 471954 224716 576075 805131 814294 935249 393296 971094 856482 344949
200951 317154 515904 662526 354443 633345 295791 121532 286219 891297 625978 360973 843141 242293 295679 228269 251805 770848 992134 510914 341153 404296 536527 932130 806944 146088 830201 499207 600522 269832 752817 847731 718581 569599 763573 654306 624396 913955 873332 902448 648301 256855 849888 586751 299973 232290 965511 924175 532769 395098 373064 471885 493260 202237 976681 361627 213494 772995 283958 468083 885114 453576 269971 691812
384148 274451 916537 320781 584058 787819 913100 282814 143139 668617 891407 970292 330008 437936 297982 986970 345328 839306 316087 926703 785336 633847 187605 275332 330382 432883 892285 386306 342276 857282 565821 315061 342781 576426 467195 231144 182035 922245 587192 286697 976160 883750 501413 326646 556672 437273 474305 326895 809476 641554 225048 922221 259943 693700 440347 866049 573745 628412 352118 705854 154190 752049 202440 101049
512394 306617 127250 185556 318356 773687 172496 362004 961845 962186 472515 471260 806747 684163 898392 685733 319633 944502 434709 163791 391963 826834 483616 891601 867984 484998 572875 707388 511985 964494 622489 426077 796579 802976 117476 842080 724693 202027 369878 190902 374790 444653 162752 976245 635209 430481 171042 496861 158301 987501 546618 937130 786035 161996 712362 255506 672824 846202 771908 714419 138710 680123 342661 370152
