299047 577493 581147 465211 904287 175233 694925 560219 838763 747890 615348 283007 547890 379002 947477 628315 
943899 136011 223392 487823 584969 727596 772226 159413 526220 798632 845049 941862 422158 155260 784421 959782 
899059 885795 834213 267384 280444 859925 174384 857956 696359 947779 457002 779759 170852 996155 897672 697189 
385501 218230 908823 877753 964092 713825 616148 236229 383930 457288 137071 562617 951975 642808 636721 742235 
341362 323759 984748 411556 907791 296953 908350 932771 101205 219097 351940 696895 104620 264349 437778 293247 
711618 287119 385687 463125 246478 424660 923823 150104 238773 501631 734854 609954 138504 836429 683729 353977 
716564 134615 789783 399616 306114 308525 178290 662046 879128 817774 424808 614433 946390 713127 815163 857069 
125750 766265 220423 744451 209103 187394 439089 572711 461379 974467 318874 408466 888272 187404 431875 890710 
592076 215771 734454 115858 712530 370589 436122 864745 401945 850349 148492 409048 965502 246389 980158 542982 
785359 699365 849746 778634 782656 578099 556451 154943 265735 292182 723188 555532 998390 810847 152917 529447 
642177 184288 451544 377139 739712 896907 424761 246383 584715 805520 754152 898666 958307 560086 825500 233878 
249799 727346 835861 790444 540433 650253 785422 998836 450247 847752 191442 274956 965447 559317 934563 974008 
585319 623484 188213 164259 827922 147753 829283 423931 153808 840805 793682 361928 927168 561801 887213 226069 
388021 176332 425492 146287 901811 839200 414257 447070 396355 340913 994381 440698 152482 756767 506916 865623 
379676 371469 857140 640553 211767 588670 683309 190723 133928 907585 815370 338445 677016 953302 666689 973307 
190469 100050 490678 735715 896386 710360 292689 417474 405282 546935 794088 684871 917238 232367 128503 756123 
