212835 132017 293644 990463 828635 261024 608325 634289 439242 180237 572446 503468 258136 523389 915063 190256 720824 130378 650321 551630 983294 457477 620634 986279 468722 972223 832214 882305 675730 363432 600680 307772 696137 758223 890139 854006 996124 683893 594206 262867 978450 251809 815041 103148 692619 812370 150772 516852 798742 511625 269120 118264 687704 244704 553179 426206 176959 631060 944681 712262 741256 249314 857995 803957 
377288 544162 783361 646339 486565 821863 310465 367789 363122 946834 778692 438794 947148 446055 318906 604265 854984 175696 158374 260481 135300 282725 468937 153822 492947 624285 502727 896974 631874 780654 390225 499246 455588 277456 250493 478946 436910 353989 676981 971192 866296 552865 842863 550847 579118 186452 128772 579006 463917 453186 967226 583280 700864 347607 357195 819755 626930 444009 362551 341591 666538 157804 896307 425114 
799210 523372 572572 133161 247050 734598 955051 633047 503977 320922 344367 303808 344669 453499 814218 614774 456164 422700 110510 720602 107854 367929 251080 401209 668066 560604 888017 983020 588713 839568 884929 882650 252602 761416 151934 989549 115877 969081 550108 378834 853450 418881 308076 582590 518989 252820 661247 495513 994761 158349 113377 487262 379353 742624 753687 778578 159639 752352 744487 917593 326531 817240 409361 897200 
635220 456647 931272 162513 610837 123466 747941 313706 854137 516330 913680 634073 529531 160524 293361 913628 740513 560672 743894 871675 570630 159938 375294 596765 986721 819557 351159 482650 732245 319917 833951 145814 840488 993304 796071 501150 657704 483686 298976 236501 694647 330588 217140 698791 589919 119490 179100 443920 479841 620352 307720 770156 728040 588050 138004 706026 375346 286806 676003 515753 648642 943612 703918 311503 
952754 840221 359619 601906 730917 371508 591968 973315 292253 182145 774452 240392 384724 553366 860108 911292 128105 828387 697511 492294 882370 502772 947166 613238 884936 820851 828311 511368 478270 435085 896708 860238 326975 193574 556474 798310 228320 798731 714233 963897 376195 679216 780274 705807 127256 227518 172888 742025 517686 557447 339073 438780 339543 530024 365073 215191 480572 881656 617198 592359 659760 930492 795102 526573 
302445 280241 706277 913485 718591 113386 484994 561333 293299 505525 430214 174051 275586 737613 884762 649648 873266 286268 430925 662466 251730 267090 921337 206516 794437 551973 465206 917526 828998 802550 751804 428443 750679 406452 652749 876641 333632 566753 866372 111518 627240 163535 212407 369964 376225 212253 818992 946007 330013 517189 461041 448990 562887 821507 958242 100766 358149 858098 692399 333949 397094 601108 680205 991363 
514211 200376 921179 414507 111188 148284 491056 110359 350061 929531 684066 203648 594754 711280 129127 873899 752249 766148 764711 733184 924970 124198 694894 644857 102071 719892 429667 178975 433883 589280 672651 380751 272088 119151 927534 111082 677825 567765 457479 449461 205729 875007 196720 185371 632528 771888 195902 224857 213712 882268 911743 556178 276324 356790 599320 558268 424499 965310 244115 160836 119093 245587 926860 530972 
488919 949804 935950 236890 814389 489507 807022 569173 673498 119629 958317 195048 568565 405417 968755 928876 169533 842609 820475 811374 452637 910311 596907 795062 728103 697512 551439 707768 394052 662017 364385 230572 565783 582870 541806 412593 986769 580652 202790 825529 634251 942175 652023 553712 953874 111072 995458 601465 641467 736727 579573 179940 512950 285747 656120 942308 500621 251746 930314 827738 661649 690132 473231 824479 
401230 334980 114608 205599 786008 841276 233639 250654 637265 354457 524592 440717 439363 892865 371303 380261 539730 529439 472147 816673 646466 852830 356204 619738 736435 422973 717161 152560 972820 733639 138830 474591 974728 832186 509984 520825 905431 201678 956251 974531 366724 649428 476645 310856 587367 801259 561550 415248 445658 737072 960105 700333 820604 410455 399721 973916 139761 371973 550664 530160 388699 899499 359645 240067 
790763 994815 246773 139778 945385 252340 152355 977330 295437 166571 716425 334744 448939 650415 770247 896478 139554 499218 296695 509755 354868 972969 991420 114768 581768 868383 167381 237999 759064 287426 964238 789519 763282 633203 322428 605517 688867 307313 342496 773216 344183 134058 407240 837006 641428 182085 766819 326549 943189 763997 191177 780611 480784 732297 127475 994500 648716 763668 616819 172608 326469 957646 678598 773213 
648385 161715 208336 819130 549000 150459 749392 678691 246133 202639 159046 535498 741069 372024 259133 916628 796490 572098 871998 104541 184961 441965 540810 322427 828162 108825 974635 661974 968526 804084 833676 344589 171373 299467 210117 141462 384703 622980 264380 963406 481643 999934 503074 173255 559554 482991 629701 589847 287424 812575 256619 506244 486516 185629 514926 653169 345764 708932 802460 995454 595677 821952 237694 561825 
227264 678532 371250 995392 534475 416483 591846 814335 155530 961127 693819 265115 804641 707497 947997 793850 147735 523958 911764 124163 441749 109377 973996 143049 423441 109644 807545 572814 609401 943096 813037 735146 530286 880369 549312 741439 479199 109164 255600 449631 483281 963925 547354 821293 486819 348040 834015 842674 311705 877895 910464 265164 726930 176441 577968 118709 699388 977806 642097 885915 586960 792171 928936 262012 
107662 770490 110408 177969 587195 420321 499943 370320 954302 906576 936888 265071 361921 769806 434754 662875 878853 833105 396347 988434 854212 318621 169465 828447 454905 411466 648092 537361 349985 659298 303091 191648 978204 675497 986472 715580 402686 729368 566272 604458 122831 373022 554558 655724 310131 194820 838399 819257 662978 599081 181488 565541 291500 376977 838064 510437 910558 183618 885977 428603 542522 440958 786522 688378 
563382 512213 859917 506898 351440 215646 646217 153485 720725 372274 593535 507920 240725 543034 217732 517426 847959 546479 759045 208529 939613 704331 368508 550830 470606 962614 915773 306835 232039 245393 212279 130586 305230 328927 159405 169955 303815 828524 206803 912091 897687 671661 529404 137558 367968 992524 927054 641559 469780 891850 321602 566536 660956 958457 628276 144443 617006 452938 123603 190026 405589 814226 839302 234942 
731770 735027 899405 146995 909759 837161 733408 614130 512636 434065 346885 380913 925501 178413 437056 386463 617676 180336 620128 384578 996100 410692 922792 925387 975634 541026 605264 415951 834761 954549 619476 720871 260555 695056 663153 210547 170429 774361 231271 519055 759769 260864 352277 614516 103362 859647 398345 494445 262075 243949 191683 615311 793055 738072 198155 998069 704156 289554 838795 270543 658742 538649 633752 324919 
931795 539532 369258 686012 417787 172358 938010 315102 288466 679977 535462 544760 445475 520927 226679 423251 690423 664535 186101 584703 691570 964312 353411 662103 233065 910703 254330 936836 381693 503320 249740 400860 165167 894785 666438 732181 713230 132344 371347 795709 945884 534805 906762 314941 908964 142214 790307 501098 241423 585054 217718 298160 696130 736064 387989 234260 734362 144066 458642 531406 570120 288910 204895 368571 
810290 544624 216348 458495 413375 454046 199434 134571 311416 453595 798144 491960 959591 631656 375830 239547 395552 436641 384561 919779 926055 299037 461118 816030 394371 136778 315261 973435 905855 544704 449486 569820 872773 834747 654937 270747 699553 221466 750233 945784 530240 489727 631989 882390 421419 346375 989260 322515 585120 670199 296856 739815 782190 523378 597661 987276 768575 126794 991439 311110 929830 230671 730822 338253 
621635 405378 854029 787566 584865 200145 813086 385601 146192 500389 155763 201781 660546 724988 804308 559611 728646 218140 590581 563516 154988 215765 199357 323446 325381 813203 158530 995768 897669 758548 127710 680437 755173 858767 691804 858892 150865 111538 310966 255893 761921 101268 246162 670224 645008 381219 611179 122200 832808 468261 157886 969044 882374 398221 550720 581023 707977 274140 590493 345213 612265 965900 422913 199144 
667504 785006 173467 602343 746733 955403 427303 273575 559919 887499 617103 154845 966429 142626 702403 618149 451242 723915 915644 498291 231428 338520 991401 400666 389693 912817 714117 176062 831469 831638 583881 644779 295180 904086 179300 610091 959581 451022 210096 661709 949738 780592 774681 885097 851540 460053 323979 479397 771444 580512 126153 339703 329672 527172 315495 638121 637683 715106 231969 577525 663293 597736 566137 922992 
902080 563483 784253 608896 800518 724449 834535 772958 306049 184333 355908 629096 780485 240552 173820 853229 296803 473161 482343 130406 859075 782305 887087 314997 512169 480177 773116 459068 537399 697907 467013 579400 844052 339199 583556 513921 850412 528664 802379 551950 641996 158060 343664 947692 298526 701758 211829 701981 987243 483831 679891 624738 282460 539533 720021 822883 129231 377797 740752 850881 953749 299832 811719 411285 
865147 439454 244795 292245 914349 686428 797389 251725 589098 976753 746339 879759 595141 121987 340041 933950 272952 877572 335432 908884 584701 992766 641260 506485 263918 146743 260903 539459 803813 795046 881407 420123 722041 400819 627848 444143 337372 592234 323072 186498 944541 152756 226274 670107 802681 867807 586487 962684 693169 948715 140796 290485 316015 397548 904424 779977 286364 773715 607622 595868 862924 433305 788843 307690 
254164 320767 637677 770258 302222 122686 886775 997780 980026 331212 814310 889128 781360 929095 571222 568146 191359 409192 145093 127012 807617 405779 769447 122704 251032 170156 900357 257025 329856 209444 691304 784380 155830 699133 818692 643831 459630 202092 987163 395326 621740 479612 932143 972665 335084 278702 744832 449115 245224 615500 178606 416578 591035 259518 242725 286042 343843 239910 655866 293709 312026 802010 288826 133197 
949542 799174 887747 142786 374622 120615 181657 508938 518320 917867 634031 874242 448167 928024 836640 810898 648720 491866 548818 249508 243245 319384 994555 888452 292744 708214 779976 568965 936935 279004 481141 540181 944198 281839 991789 602682 922874 322567 231270 774107 672456 147984 304889 639044 940951 287697 213509 781814 885768 436074 408017 919911 708031 997328 304286 154530 406320 577338 460691 696108 244278 611927 838514 258250 
300730 387792 974387 562517 169288 777840 307130 952334 633183 949913 488624 660309 689548 538708 137183 165960 156712 343441 249368 309299 833804 561823 122203 273169 565783 249693 807345 518356 668226 641787 598414 457722 597260 623813 249867 105458 455763 304752 387697 764873 889046 692559 967386 534846 284298 138350 966302 633939 797349 229487 833196 443339 542608 131145 443660 500617 715076 377015 207759 862925 460533 665230 212188 150066 
554506 523742 424402 686273 959347 648641 851145 726850 635986 206174 740403 773401 319916 827855 734072 514612 410102 175852 266662 463784 964564 237361 566791 748227 365850 486554 326252 450760 144804 835651 431073 950185 738100 145258 777753 995573 257173 764448 358292 675621 143791 655269 133520 120246 691252 891629 531781 378595 291460 783278 383571 664752 897554 192784 705672 101992 243276 765309 105852 771711 500905 531539 747833 926661 
665586 727595 404918 532527 922814 775932 437011 219482 179302 969015 816440 885079 627149 816423 966558 216271 263852 105841 100453 752119 324414 723793 126970 582487 622012 682177 806838 488476 403301 234383 100825 840335 553659 940047 430886 981998 101887 519086 825522 415386 117502 132123 699508 907466 341187 856328 261230 262406 982891 326190 224760 770583 973413 931342 708784 125513 853776 606025 735289 392022 665603 877288 695721 718464 
301034 602254 300403 105853 335417 687480 234148 425161 960519 574174 953024 274402 647766 912676 152558 329707 774531 165336 802863 957033 453505 393972 344869 686939 604320 626076 871665 479734 647057 854315 496478 888450 103095 396955 776072 247364 643740 250652 792763 196622 865184 819416 133719 275564 565790 980220 807534 457344 992195 158709 370054 892009 525634 267871 302800 686394 488380 786757 726733 293858 413860 945699 979901 140151 
176446 603781 725655 655100 149061 450113 210293 249326 761512 252565 263882 564865 113785 493454 484665 852251 868234 340711 176335 991843 790027 820716 603674 136191 444794 176953 137691 760387 953582 537412 332022 893048 283513 686782 856190 369082 167418 167906 950033 145314 933862 853658 988208 147157 137257 343621 985091 279027 497932 680253 532282 548895 382296 329220 228274 641480 831615 496693 351995 224290 770607 212914 918917 846822 
802502 941791 973495 746681 798147 586999 517867 175214 460989 936638 346224 132495 486722 641136 893211 127516 900003 325570 581695 137197 357061 113997 773639 937632 241712 851953 984020 211348 398917 167475 961787 225543 523361 628004 296073 157924 919872 730755 712046 353727 210962 530954 663866 851962 882648 748345 328038 709150 204171 227973 502905 477390 760439 519270 466573 446473 502590 660247 210341 630704 524495 901437 165012 925453 
137936 437214 764345 568317 682394 435287 442750 521359 938314 996028 823355 769386 152305 314079 982983 414886 821412 742174 958421 895443 891841 439056 148175 378909 869663 856489 158806 915489 261636 568017 703815 306772 683316 316300 278743 817808 395952 677814 546564 327450 255027 331897 230592 155649 359747 312919 843156 106178 749107 318783 819079 481145 355867 104285 982735 998415 104169 898866 311914 578099 891582 935720 776997 182257 
489316 351033 278879 878132 255272 526023 534326 946326 889743 963756 667124 194858 539068 373070 947561 889550 262799 973240 309519 658451 209570 961193 335258 581069 922703 374880 436692 447606 927472 462936 994262 175610 961745 742989 788782 421681 400987 630523 830833 200128 705691 591622 986783 114664 269681 716962 450342 881823 152107 331339 418340 288091 103240 871036 413730 371358 693477 184436 897058 728190 135580 623229 147781 726533 
343744 139270 967659 625977 139247 408263 361150 917671 428563 974239 665398 685551 251288 448893 804757 967651 401870 427661 507415 444785 920431 211510 752860 240221 410151 415018 643151 450308 973557 370206 728625 776799 873359 873267 847180 384133 517772 814145 781341 452323 373848 537651 834765 725628 613015 624362 686725 907916 752745 263240 537292 820071 672034 396378 408614 719323 126794 192449 847179 483669 386437 216202 672396 696721 
543668 937457 588360 170788 386653 975080 353328 362519 680244 600740 709372 868697 612319 534036 203044 202717 407547 776214 513808 864284 123194 378412 814684 181216 421009 940753 716007 762780 594502 243683 336236 681556 511313 872694 120852 119528 270300 858894 962717 941503 416916 224494 437737 834209 674432 777171 974994 607859 153218 215655 870081 508698 818456 169054 918865 525386 587680 184753 170335 104927 950323 311223 611136 410180 
124496 417902 367561 595804 312529 958130 105337 184641 744695 271503 271953 149333 641302 897376 726278 959776 898081 415678 596218 660589 796206 229321 889981 411073 552159 387464 246526 888038 574622 626655 790719 655381 754483 374658 205057 310169 395999 151468 504267 392758 286213 827175 105087 994861 101462 419355 200064 962326 812201 616011 757848 753753 191169 326339 858737 462270 480126 310939 788668 481159 662588 742516 470609 992691 
154503 992316 762319 604076 808268 683194 956219 956372 779993 770732 796800 117420 939017 982412 128102 635499 275249 336991 917724 892535 373817 345834 145521 595339 514870 481320 825822 293039 316392 295868 829821 799514 910318 425670 826658 857983 538515 410879 969539 752681 537886 362814 642916 891172 939158 432145 229879 549146 511360 112491 609229 129457 796817 162984 549754 846367 784811 106721 158509 987182 254976 422300 117350 603300 
923902 544314 581941 737049 651017 695702 147976 840554 787602 826428 419690 842407 280772 521101 711580 631489 692286 503617 933074 501306 186264 779142 532584 574683 684971 225909 219916 743806 526060 494568 514790 747527 613280 225032 943604 874917 891044 148533 797609 681350 615313 112226 203776 273600 492461 711114 954399 377883 755467 314930 343195 811052 298632 842388 232058 759951 735497 742008 168883 494498 214589 851741 481301 346594 
994055 892889 545309 547888 724398 992473 502858 658677 286969 857074 214888 512325 619725 128608 210853 495274 834147 325062 354558 431989 155113 453672 633145 880710 833456 404328 262971 728777 680849 461058 187073 879963 308652 485486 749463 301816 373032 998241 809545 664582 123503 351473 673178 963602 635320 868111 426315 597255 903565 763627 327099 654972 787867 152857 678779 989854 594360 967669 991903 882268 855988 714524 709610 222097 
678614 163903 938529 934456 505717 932093 625942 553810 459807 281189 315005 236461 102818 199476 799621 855941 355259 828837 843936 138244 992251 528222 411799 244379 290727 205422 754227 720987 739688 748744 996427 250601 134583 321540 710868 647084 309282 332856 907764 415195 316227 784717 780601 409174 964292 104302 862698 990618 489654 371252 490306 606758 820000 712756 102235 664105 133112 498615 338442 184715 263551 715833 662659 887446 
896884 159321 233912 771282 634659 526064 709691 982151 128931 350805 934975 746421 121996 255708 631077 578372 573466 531084 190138 140619 926272 378169 103201 236564 440074 979611 304353 636862 911188 284782 754531 994740 585380 431357 687341 167447 539424 653308 812013 195324 377267 553101 461737 268785 100525 860979 483003 401622 965307 728631 997963 366348 182946 159460 895232 669996 344155 896510 752863 756555 104454 449997 459727 914208 
894257 933651 644713 337543 418875 546403 720428 805834 892142 140209 231170 172668 197502 650705 742805 820962 733167 916594 405631 409809 679899 311039 388389 897166 149836 982489 613493 208025 608068 308449 464070 355913 363148 388120 901495 957776 264011 572913 893854 415921 946159 947742 865620 788727 964971 475420 119038 726613 344925 227982 751116 940090 173701 735767 710806 626673 887512 791323 120205 642543 814848 206366 902251 810106 
364410 866222 769692 331343 609106 726065 207040 155600 288851 925670 352795 581349 990729 864207 528237 217711 155191 124376 625681 846635 796289 759018 212566 109435 452281 351542 566192 161863 946448 807273 884640 449631 771827 874918 590509 171672 986318 705234 702227 894175 877067 237136 139170 413821 367280 983899 738251 167915 993002 870067 171738 243659 461431 594792 265403 363649 810581 447669 852530 147533 323180 277616 414158 497228 
780276 714332 125021 191857 612114 737043 463200 796263 754511 233212 480530 730686 767529 725341 548670 558186 883971 575960 621212 283519 348102 511847 179471 492021 624700 157116 518744 454959 523944 183274 731725 425698 850667 860037 386569 416125 663737 810683 186246 875852 193758 186172 179930 821198 631448 727097 501920 458581 799466 599762 905803 728425 756211 581280 515960 797267 589753 759533 338742 884849 320998 110929 361985 239903 
247055 556052 980269 172200 215769 396091 534119 573551 200520 971923 230231 655327 498170 138351 646963 333167 977695 324656 410386 632354 826832 767920 241891 928743 541333 277581 935889 838779 321420 996945 251907 309589 823655 822049 676626 858552 984464 805284 813902 345720 393489 634813 106272 273527 670372 249700 661473 811971 527488 126371 421522 792907 257250 283766 856655 886953 939004 424263 900047 548096 532039 918522 795094 730451 
220036 532952 364548 925533 446169 124301 532474 490624 123664 474348 917873 452440 306042 487176 753110 292264 474006 803029 640603 553932 109244 223629 177547 680580 440611 138977 644155 991718 371837 662157 733887 819275 481356 462997 345742 479239 250901 760092 243792 903445 323915 517001 542735 948479 388077 993339 818578 467990 782032 286509 793053 637394 835599 421087 951570 123899 279935 786033 603320 662064 933179 285912 342270 476523 
354459 903265 983672 154130 612697 977170 495055 981270 580097 775303 597845 517408 597163 407769 535607 315489 652252 813866 579946 401134 375416 197308 640346 642701 881665 456261 196025 242570 636125 707668 645381 323758 148891 149123 691614 772303 188594 933898 183778 889200 652469 885976 935700 869039 560855 144618 522457 246630 806049 434100 910644 686687 801014 426445 308005 469619 924734 368254 283551 554503 567042 789740 731135 152987 
251255 350374 741752 846918 776930 708130 829910 959936 124986 357321 496756 896445 306294 499060 479227 478135 976947 379782 472930 690722 628814 481905 840641 175335 461161 467747 172147 949736 517022 604467 310011 459291 104891 404103 263144 882049 123423 969864 894036 100327 768991 310359 371392 240601 131518 667707 761239 909682 126535 622075 516158 122577 765691 962336 285549 268477 397756 160096 331673 479906 287510 208100 909220 569044 
786056 694847 289078 449097 479079 640323 345061 535233 463071 777763 692413 975154 593796 365752 875093 830052 845877 801202 201347 855858 953032 527938 307391 602436 866319 186544 581240 875107 649730 872838 917686 737976 369953 436067 710124 486726 568730 102920 906911 276066 102738 867243 430667 712566 811093 243825 484141 166948 400805 343545 693515 454355 256594 393058 312343 786005 502349 349385 744816 329357 439741 650956 101543 350144 
723759 604823 588142 528622 712084 600220 772134 995931 163988 847375 977747 430481 433323 770959 880042 486981 295837 785328 695781 242666 485061 561398 847515 749602 885836 359179 947504 853392 392412 345897 924270 139949 222826 177645 467121 790411 924178 454692 183311 967499 389411 475109 562031 433647 153143 128272 318286 300262 125648 738019 296674 633274 427412 838750 906221 543894 835475 107699 615220 678701 911949 240046 476978 117072 
884706 761114 266222 873761 159464 614709 985757 174093 104920 356220 294061 596343 595037 520878 141298 388332 332783 684841 516057 991289 502896 749216 406940 294052 605236 167536 649082 110482 272708 628601 110075 187861 861873 167461 666474 831801 844909 630823 628664 398894 323665 674035 209012 367409 819488 410174 784908 658467 532140 656932 230089 266813 341040 921299 333511 458111 334005 431554 735229 634194 149309 602319 150516 659434 
224012 636656 145313 423229 167818 144208 838490 548331 478506 665932 552004 747304 545321 630929 204328 856406 658353 485659 193188 962612 650546 964985 216016 511985 893810 951414 819029 766640 925309 805478 502461 647363 466575 886344 797466 973747 745173 478495 384707 583472 538326 721403 394868 746472 688077 336410 407293 631349 516778 877061 333426 521886 397681 723963 323143 930382 486885 623797 431145 807875 432799 135547 764714 912979 
698512 754322 100962 977202 763995 253000 430662 109138 198886 162019 446154 739833 948741 235679 764316 351112 685438 444617 872436 131637 695633 786272 772589 633967 801593 839565 414478 703303 930992 752738 914485 179383 503155 623398 845229 291134 350175 702895 362292 495706 803277 418766 987352 515376 358979 259388 717844 279412 431404 734656 454865 774152 273496 789944 760173 539405 928046 627018 785553 691491 306527 477627 430293 664995 
102918 181094 127175 930704 144120 138112 268353 356178 106527 822809 371163 357158 170149 489933 659969 726397 283186 473161 600984 926205 491690 954000 714459 747571 252048 141662 990120 923412 133241 381372 611071 951809 840299 999330 581593 476667 100104 487044 998427 471744 136796 978679 233318 279257 812330 185553 733884 639962 285871 770084 437808 510677 436148 759669 112480 559842 136478 382315 422786 250363 968519 111638 319831 584385 
560011 140371 632906 239789 650677 182186 222661 228849 355128 694118 998071 111463 958485 635165 542042 275229 937517 103222 342516 512510 999974 327500 558531 595266 452726 945681 813002 925667 876632 749530 157399 194447 423505 716427 693088 851586 208771 462974 773635 202387 999949 859646 134773 271355 730886 781304 123138 736368 577670 907319 858629 171302 647100 725456 979812 120781 235279 219355 831327 730520 428492 385803 169792 614161 
882369 150763 911554 904988 342980 178456 808216 959731 347346 774285 834158 365596 336889 752405 334840 899825 410659 590641 289622 240904 514980 253258 394285 190003 432290 815640 965630 273497 950545 264011 229954 326223 879353 496056 174924 856841 921512 337593 233641 375895 732266 571680 671203 849344 793794 858971 351717 552098 652754 532024 705479 714423 535478 566524 625305 759792 712460 192961 888985 898433 938206 939069 716339 918374 
477686 284768 979659 256114 688583 704197 684300 981888 185085 983613 807719 517924 398558 305450 423451 219763 391449 360951 226800 714238 172844 647836 288564 564764 868277 660689 132478 584890 309652 217801 463586 292587 334501 106722 723845 917598 435877 465028 980613 756929 419685 357672 900365 621853 580984 973699 150047 911215 744749 292148 653264 363235 369299 692470 750589 713916 529405 547162 569379 121906 402569 875321 354292 401077 
150407 351931 658170 341068 572043 424808 312719 416624 461181 588168 434416 376675 329232 339844 762007 326319 820928 915210 496386 260924 496111 996347 168641 689456 133428 928393 406906 131055 545219 691402 811817 998248 911021 117401 689218 151125 484899 434950 553911 156936 326910 550755 236044 779574 613488 439622 616337 125962 559469 962542 376746 496489 244203 960318 646759 445951 980397 564154 491676 993450 801725 111031 921520 453777 
695921 372171 146537 178193 135335 527776 682170 828087 480117 248802 293729 263645 732820 565294 605676 664660 669832 211725 702820 900068 284228 769087 555518 607579 650516 232085 138764 485367 262982 969105 142035 623227 431820 286973 939042 956999 718805 783903 622165 319241 593897 372523 735534 567047 380020 659429 961100 184293 774722 192225 101769 997066 271302 185914 211989 997179 264758 268352 716253 112023 420323 457604 190280 227351 
857807 792781 592953 675104 848641 248175 503805 900827 988453 610580 394237 380121 864932 390587 526175 751242 334992 267465 165317 756826 422710 578603 825341 292011 544204 805695 995687 937885 571055 202480 272932 504801 284616 968290 858951 383909 153747 761222 569887 741887 861342 288598 341694 108494 270986 167642 803900 352120 872356 585301 672425 248314 541370 226579 152768 430593 743628 240444 225222 421260 437193 400852 388334 767526 
415011 424177 219645 579230 157340 429031 662160 897915 560613 793373 997645 660144 225948 981017 668338 867385 585664 724910 458183 866321 415676 742612 310075 702175 162950 484959 983176 504116 466053 134440 160897 208888 408325 709849 105552 284264 871793 717032 938929 952604 762246 409888 139032 230491 117776 596163 818684 882378 695721 870346 447205 709334 855162 464648 183408 415448 201043 606137 784883 346012 743633 444590 569293 281657 
733379 745313 567489 405890 890047 655707 458494 159051 893130 221426 769685 175221 836867 173479 475972 114510 983910 829361 345738 301498 898123 973742 832011 965114 569770 412689 137992 676146 335822 442507 156507 533388 496826 525066 769082 173440 909601 759399 256089 820139 240704 459180 692012 362198 759489 920539 538305 703190 156404 368739 177643 578194 436326 516460 897240 453818 810391 435600 510027 396041 348467 849695 466275 538499 
562558 783722 760439 629460 643872 190308 626570 846290 893039 209282 539222 864997 146549 908288 535949 122824 414185 868513 544978 241693 418007 663366 106957 349168 939295 791992 458560 600273 712741 933576 762632 533526 559096 188516 175144 615744 312574 839798 736311 838767 749991 197501 663387 701348 556405 497082 218893 381207 970536 997356 548468 747403 316910 662692 213916 896253 772007 884395 429899 815433 120515 321440 187004 400603 
843854 675586 127691 695084 786301 350383 132226 853016 600683 961122 629791 407490 330635 921569 386721 517316 439205 427977 885312 587632 248052 201959 465167 541385 462360 300439 382737 744962 128005 173177 492499 308430 247684 386826 328677 650762 736342 574468 672485 617164 795202 210295 937398 629561 940252 374648 429212 251890 242578 133136 945975 176803 162402 543222 294296 610397 927501 346792 425118 485468 643524 778195 429636 577613 
859040 544749 958903 350192 512264 794014 232980 510726 310937 315562 299168 204971 526763 863691 631821 604633 902928 871606 411031 659772 828782 156176 874935 390914 866482 230557 434216 816930 685214 633211 564599 395781 157654 512144 533988 947121 858822 425976 983014 574211 751252 853392 159757 315762 922425 417209 345948 167388 654139 464133 756542 733835 873835 655835 317682 188917 780737 168930 752323 223673 449438 332827 614531 207819 
614673 415889 283329 388100 898676 441540 400029 507785 285175 417512 829259 846412 880893 568411 848339 206402 506062 830190 406083 250956 979934 347502 331780 608498 493115 417141 151725 877884 985520 506287 597937 696841 406334 844522 396505 326625 928527 480729 399234 493845 104194 359236 415748 860304 615891 744938 113976 860636 801087 960812 217587 278704 734070 305050 584444 792387 132852 943662 641486 414453 612320 548678 187967 931091 
