264829 438079 713665 222996 750356 922031 916953 948811 632964 715595 422525 916511 995338 735373 348672 628811 243394 212065 688123 267112 301908 257299 517583 866836 425790 613153 505083 652082 963010 562104 715685 220431
394642 638889 859676 462782 864577 610963 984982 307780 438760 365392 733427 746930 370308 924088 180658 225815 617846 576114 534665 724457 247142 393489 419460 446824 556550 996201 151688 454180 130277 216737 455383 590876
912747 513932 543931 376218 442363 181823 563271 275673 547761 227170 584589 234810 195135 125130 449938 275616 905072 556904 778082 729558 696572 937188 571579 577134 138731 811879 117861 297527 369892 293313 801590 683105
835111 859110 212448 596565 225714 758215 206182 671605 546406 348064 539521 796556 706611 342703 493051 711763 269658 487666 865262 653718 456617 529863 995582 880429 265471 940827 316134 657916 678951 870407 185067 329936
331311 320756 959060 244689 506784 511394 739361 364507 222166 595291 630509 578607 523446 359162 714505 493656 513181 957079 434048 746148 100118 909288 811661 860092 951752 626526 285189 555905 137692 319708 327550 268904
946879 383164 810351 602213 736024 746498 376564 775233 617188 932570 565566 319036 726617 777370 844767 681213 385583 442500 669112 462856 857223 915371 224511 301042 968681 951335 439153 535347 740974 533790 245423 773017
666494 459728 113556 680212 606094 454914 779565 926875 397195 429804 413319 989439 740317 452805 667162 483906 884307 917075 152607 328452 531360 915636 804902 300522 974523 367355 670459 417636 644022 136707 788318 440719
344816 439350 930176 904685 979774 219848 830176 583975 229090 251701 335762 932672 748906 771099 240741 270217 878831 211077 783576 821542 815121 759315 840523 959245 900182 468723 922361 759479 587910 502465 527635 459348
314724 653254 908100 686491 591514 599307 754887 949328 250026 460894 762064 868047 866756 536739 171669 758952 962979 536151 165093 969877 234690 596824 775519 513517 249209 901851 599448 635555 719522 408706 764145 795904
788019 984844 320898 196578 999413 293956 889323 765416 456240 513750 618249 370568 296844 980045 713404 576856 333377 217880 299745 489625 663257 390024 715842 259260 854284 992821 371534 781698 315324 210348 334126 546902
679310 128198 105577 683550 254052 797707 822476 723211 109347 218848 383491 185923 384641 864407 547688 850708 763014 652589 493777 510987 202358 345070 311144 538658 632876 274283 414152 481799 242642 805995 264860 644862
577536 412499 645348 546632 230430 110703 949215 893602 995715 485319 808979 247353 811374 739998 163702 787628 910268 441932 652882 200969 418041 895303 969516 565419 690895 180578 599396 876284 189066 287441 263350 814200
851701 602753 218197 454957 364533 302034 206025 588957 347170 782888 367272 477681 275549 815376 529248 476243 919703 857080 113876 331125 228286 582769 244061 973755 586736 969648 815456 842046 469078 311349 947290 328188
505657 280841 571123 175656 860707 530822 648079 800131 784020 376183 996411 813563 573488 898566 676944 795306 839108 368630 764873 540038 949315 247858 864644 669757 417118 866718 779694 174845 607174 567609 772418 977571
144063 922209 694840 775682 486709 582779 280532 369888 453199 927402 993239 798986 487035 376549 952913 280512 960420 667676 328967 725839 595682 922625 970657 927144 161819 505942 387022 197910 887016 677806 280265 836125
641294 542324 445032 760516 776191 909004 760689 874791 504864 478874 624666 386688 930928 846877 250261 858125 527358 580490 463417 236243 821257 177890 215084 146526 994942 671636 915176 729802 426059 849844 905592 136844
236270 459953 567781 527366 675009 290923 265198 406880 711928 109434 318117 217357 262039 603168 437679 109101 407041 100724 126424 639650 190286 681994 124060 595755 200874 995324 652264 324240 707876 952315 205087 188594
399320 296839 233804 738292 821229 379755 775080 434253 168838 377855 722020 826669 994903 947156 888823 334666 902542 594577 929177 702649 927583 485729 259606 491618 595543 312588 443524 740109 519920 897597 998005 506193
676250 644693 868441 370016 877931 944132 357079 272027 441026 311997 375251 594114 827226 874436 910636 679592 686374 799093 743320 516978 410328 539235 966113 542146 510047 172497 838898 587412 650406 441806 747353 935276
972435 164891 314839 721026 420084 641102 705256 743891 729582 127284 689726 163139 398758 684903 310555 987371 944222 123150 358089 588708 886156 915774 306371 744100 897055 862326 137718 382452 112216 451093 444038 829158
684286 790284 284782 708936 495148 513850 337060 563088 186920 607898 365770 328983 716885 249747 598379 856077 407318 184623 688420 765867 675538 379478 619267 537599 585559 796987 804190 696608 454290 319683 651118 971161
631689 843462 798746 669173 400864 131043 953011 201735 138376 499167 503322 601708 543077 358132 202485 137532 135738 806398 697600 502286 858360 894678 635264 176834 501446 550761 516283 916839 641706 677862 295286 225022
615915 930985 123659 680438 723582 920649 175380 564685 952760 678221 105138 931949 838836 442458 851747 336795 469402 537777 772532 405108 336588 780992 916577 479923 162205 498966 999983 930208 332586 699452 928238 539212
234247 438092 644227 170367 939172 210008 939845 223626 224575 719339 884293 936445 430020 705934 991203 683179 540984 360838 501592 645671 878221 497102 965298 636678 537044 494050 528685 927332 742861 689844 390364 436627
728473 709316 443716 874493 175294 900031 301361 150466 540176 644717 216533 168165 391074 193908 704996 112273 725989 149877 575111 420659 664170 830263 252708 737986 255623 640621 615077 414494 904672 275328 936311 683711
259753 163483 253257 267448 807064 165556 167883 559976 899908 708062 703090 571223 118187 237195 856275 729543 131509 670088 142768 863676 784733 479490 283647 170335 912342 581480 175193 121447 823943 585727 699550 715033
572000 747115 442323 853197 573449 184227 550822 415985 627123 791998 721316 739918 386101 473931 724933 798480 755923 434753 834471 730698 468823 810581 710752 340829 743077 642768 833621 804659 919106 145816 873867 286278
401072 163119 947117 129548 430006 482731 587430 680400 818192 715178 539233 870718 531705 746696 538757 460255 948535 634565 943296 823116 532460 281369 630789 599816 513467 484618 374023 714643 383787 723704 478603 761001
286310 269430 364256 635708 898856 371752 393032 711800 773209 163836 542820 162305 908859 987768 796359 892270 138539 711004 965262 773910 571477 278857 956132 621762 107501 658803 340273 306701 352732 629151 154353 827828
709140 904087 714167 794913 769999 583648 847179 146197 558298 885214 914986 258522 396421 917142 395075 332658 826870 975828 806722 181222 894536 798552 107308 116365 836631 168495 695872 568256 524813 247410 599036 354089
349381 717540 755048 314855 739656 361402 693051 551639 110496 567753 866245 569365 324774 673934 677247 988219 363464 857329 796151 140102 518305 816324 185197 100893 691023 647234 938070 666344 135518 168023 781424 483856
705999 927315 303247 708731 517742 654547 641459 776149 508174 272040 129877 685923 556163 917570 324023 457114 433247 545952 856924 853315 219593 577708 615193 348998 124940 171980 726811 309868 672872 440206 769940 854248
