345945 364187 431369 937289 555265 379841 868695 658445 417742 695197 870465 622065 424303 111521 311196 846282 325673 950425 832634 295259 354720 116380 986986 350773 326037 143141 943568 607175 317104 453873 280663 976623 280692 760149 206402 219445 545002 752143 281701 236504 913886 559620 845873 485784 320356 647972 155799 237335 820897 756513 434294 381807 711963 369743 626048 339201 224511 898547 176948 784074 206431 739584 883479 824825
753657 883031 113131 809916 754872 605631 528557 404157 403193 304326 467526 276134 546286 421701 414350 688330 737190 373049 893556 252533 301605 741897 826242 275594 711175 652980 834018 398630 270797 978441 286821 696578 471822 532705 274953 829092 681313 477065 403404 297912 898548 415289 608012 671038 265160 107865 602196 290597 537675 612370 218841 376387 452796 635313 243608 571215 166443 121656 930357 583995 645206 358497 164690 921396
228402 724229 484506 222502 323238 782842 295121 798617 966695 459236 684982 956403 209577 125157 443917 158941 654707 626507 906593 231131 884031 828013 808505 898884 339562 864635 115984 142437 910936 381092 849842 659695 495761 186844 156703 699574 704496 259540 518262 369839 930236 809076 524069 437215 654973 579372 580671 706104 517233 356098 107508 156767 521780 118599 629260 570910 240565 567537 294806 988746 135648 877955 210617 749457
391895 945563 258107 428673 381956 342097 284754 337256 402455 381633 965228 904299 388486 106928 421403 263150 263455 456098 527047 123869 947296 934876 319407 592001 252098 441591 386272 353002 703514 692524 130863 524531 884941 301311 206478 834653 560502 974156 147260 215526 792144 551232 208802 696972 906059 916995 698155 772727 446233 359916 479352 731443 351157 257742 678340 531165 725523 415830 128009 313425 953635 489738 101311 332510
979364 842233 951827 330981 175087 735621 958461 337399 542389 979004 736173 267670 810814 735704 351878 374474 249915 703083 122813 883754 712155 662316 187622 951519 804936 183234 644955 710902 261659 186949 155160 813134 126354 538827 227952 345564 714241 736642 352880 966717 555562 266225 329592 550678 544524 182945 428639 195790 724283 479793 908881 944405 494018 875123 959630 992761 168832 614276 626354 309210 720573 942197 535090 838262
784167 982486 345770 687320 946928 721471 165562 110649 747948 734314 591640 222027 705943 725955 329873 210588 839338 314243 767357 210430 910559 411476 207991 485264 693498 504319 979374 640616 170667 920199 438218 308634 847721 920602 866653 659856 836771 239017 747971 216690 910947 153696 263551 871980 443957 753658 586638 797799 731115 974483 735806 924557 538829 839198 255016 974597 200819 310293 941656 949192 678975 699119 823683 302508
737472 651455 244690 559408 375556 554387 269630 978133 552129 172726 157467 297639 856175 998748 199632 931111 470838 620663 552675 351071 922599 579832 759809 983558 905484 995600 805587 618541 576479 698736 445973 825430 629114 888890 476477 825690 103147 257888 589595 488935 620493 929236 311623 360517 857895 995443 324827 224595 312088 667266 233817 763452 953118 682205 347364 287819 514598 222979 994504 149768 610508 606328 665070 685995
956581 892677 113229 796217 118621 181192 315366 517493 575072 462037 858911 883338 364974 980641 569540 946973 780792 881443 851434 509216 298580 820270 366374 395617 807735 865446 609104 820619 809490 383003 269962 566163 417678 265740 497162 732166 369573 859914 383352 684058 250822 298179 222595 234486 852877 371548 196821 734982 276898 293127 917040 682209 431938 345410 413353 196245 448460 696433 756405 791084 795271 924043 985198 893361
812448 916575 888853 128318 406348 481261 576155 893332 892182 636316 360127 720445 498335 691024 719897 828830 713235 511756 153298 541428 820161 784372 891447 197815 715978 167465 475746 584114 376687 683866 492559 858930 638863 285987 248183 250040 767788 985402 559129 484993 841229 853825 440347 185676 576905 372243 214253 975907 403423 752893 678657 523519 893738 223248 304976 990105 539916 984915 113748 569743 983005 961840 499131 587649
960172 811846 788479 800057 475300 631022 446848 220442 873298 927181 600087 357131 407225 180436 432099 207972 601997 630671 118368 642130 448150 989773 677222 260353 275856 581399 364085 781904 770258 208596 229534 519439 745207 511346 464417 858714 995633 148777 119924 204821 670851 371468 240967 470647 194538 652799 127614 452599 502446 106131 679659 666026 346383 507449 955385 410698 769854 364433 877599 838650 776196 402748 918932 824892
525235 716810 470301 354047 289839 871610 409939 790507 208147 588733 700431 958722 966079 645715 662443 966069 989588 746983 929471 686512 981517 105557 810749 762594 178267 818411 405309 479075 881480 691273 681130 822789 594195 220126 137730 170627 845922 986739 303833 793025 450341 756911 845152 595148 885470 912586 831239 664705 487276 956258 109322 986833 318074 560023 334937 120033 207452 390259 980708 459624 385843 207754 962806 254426
689046 761190 812273 568763 762258 678234 328087 503025 547558 667770 575469 253942 841638 920194 150428 349878 222951 744112 956072 386268 319736 775055 507238 868146 683534 800945 167207 273004 402343 508652 331397 822071 876351 162384 442761 990646 428323 264650 691814 747562 378915 681363 418840 275224 612110 260446 994973 891927 160674 929101 341514 724066 138135 858527 677503 412160 198015 833851 450405 296760 179071 692647 774672 316341
668670 871564 993138 600141 700355 118717 374071 879589 844507 518702 556205 581900 165404 170202 113948 135174 603155 911263 433714 130184 337714 923883 715437 854330 800724 260181 541012 851938 752148 398546 144259 962242 206282 959646 921811 810981 433289 630704 291524 346643 175972 529807 262855 855368 219475 482774 521411 613550 862559 887118 761628 267151 254090 857804 828801 718039 924802 717391 414641 336831 659189 999420 210492 413891
366847 919466 900791 320018 931147 636957 750188 817104 725479 232514 823870 824512 778035 129237 840519 249126 747588 333420 479792 512147 790962 346061 152900 642842 539107 107111 592113 379298 819431 105593 628772 605300 539080 973864 661490 165170 268146 643501 595081 829938 892737 198416 953187 125026 440411 980104 407341 386369 620728 748138 650120 106881 853193 498063 781834 595544 474905 920820 282001 825238 100063 552064 636854 592825
738725 798884 949297 272058 271478 884411 926131 607546 992107 119937 921060 651725 502699 487269 663903 822243 567467 776649 605251 925175 138234 226590 935548 611616 871038 981533 572539 984364 185678 592131 623516 688322 314650 307735 741455 106437 751680 402258 618860 165892 327930 269570 457687 597434 395047 662676 905825 433929 364672 675366 874016 698451 715553 760372 966645 685034 110115 393887 480137 195897 554026 831499 417767 144830
281358 773161 376575 547600 819629 747119 759819 230202 421036 906357 346018 652673 540831 370771 109554 468520 833914 821144 531320 200590 934667 393929 622044 472637 394956 424880 178780 363055 892766 385324 621680 502412 585403 252974 141550 257866 654427 104605 316746 831642 237497 216582 680023 715296 270559 152679 240776 647501 538382 652949 385501 213036 395529 617603 754787 597462 761034 938025 794044 663128 713451 843319 223210 824997
538337 658215 144081 779461 667882 422967 800667 185375 508604 494762 972856 220372 578061 359768 642715 527916 547427 345539 392626 188861 441042 874694 633459 426972 213506 152430 794791 295132 167784 168140 877186 197679 646133 946050 222161 532351 601024 867229 411936 718550 228746 772655 631878 210128 665983 636202 394964 425845 883179 668962 426817 931331 910398 110840 100381 804547 991605 249848 936521 632807 718807 655903 315945 851170
656098 191597 168016 526979 252445 566364 531032 565776 545089 100171 713842 907568 544085 956028 836160 141943 200922 818681 340108 472082 102343 533500 516554 176250 129408 309977 644377 627504 232063 423032 481292 785727 834584 675694 270480 367946 266109 407138 667238 579099 774475 908835 977230 492065 377675 496275 340024 444311 407243 535317 253644 799658 904960 903598 392004 727019 396036 456290 903637 312801 399129 434204 696825 343322
926597 332165 318962 328205 227443 741801 434321 181424 997359 192860 807521 464150 837986 320724 935242 176009 107958 212282 142395 494088 719496 575990 903168 584680 547975 643027 131231 610875 381384 225031 781983 903486 601642 980175 912650 517519 350217 634820 822338 908820 226537 158885 379783 952611 916562 905886 605390 928483 148429 665259 974342 600542 204786 643620 744874 800110 906530 412003 518568 798929 351552 347367 792549 976539
711413 538955 147122 662603 995472 235077 226661 321117 195889 737148 771987 586003 167091 121889 656525 860403 888072 585354 613628 766830 774526 418096 544740 397472 604645 433587 962225 771295 771678 750720 618148 211159 547325 748515 524965 271560 665825 803468 182522 176294 363971 746707 529124 949471 173136 175972 888208 161471 856622 775280 396963 910333 458982 115054 225881 544984 472527 823140 497826 283182 818249 866388 995581 434029
355954 726394 148010 316267 241006 801574 844357 718698 804470 769643 408626 636145 747678 451690 517208 816883 589440 124531 917929 453749 136863 606032 660087 320826 890813 832868 325524 857036 282486 142201 640909 865187 824194 185313 266700 783690 296159 323611 700813 766511 288600 935127 323172 592981 710256 654381 989781 500900 963813 737548 729298 733248 258034 615746 992336 496487 719194 346378 953630 684973 542483 207328 138391 517647
212336 490747 370397 706426 260571 813801 812387 868013 743518 276040 505731 993264 312230 327756 493835 312727 565217 551097 354338 164201 726657 742761 737968 680682 415553 996581 621209 220501 880742 419346 141737 943273 877874 408889 453725 160048 655089 883784 495337 788452 735114 417135 678872 880054 553929 592758 956807 436647 837059 543676 310186 158913 707817 113672 181124 344637 217533 328630 684509 523260 114738 623773 843719 628321
171645 997671 305117 602943 708013 611443 759167 956749 393365 612045 673289 404718 784309 384714 692164 103091 578997 722942 524096 590362 866673 762505 762696 573532 538668 401897 870284 839652 147514 427680 284465 906948 891717 675833 345500 157570 284979 183297 905714 879474 252914 943930 231963 628928 933585 981030 355776 756522 339122 392518 649420 317277 735852 216686 844251 916839 559837 808994 957658 989845 464577 551567 333459 202320
980006 902173 417239 549548 460530 246547 603104 478224 701830 482895 369603 742388 180298 154377 367816 899006 164022 776143 700391 333703 823219 481577 710421 632414 687761 339888 991068 812207 755057 276471 827869 983135 143399 385049 674599 835343 426037 843513 180064 316929 214807 514413 815162 506934 983290 139849 380776 609497 483151 218459 466954 496466 638326 315704 844261 475574 399774 154175 314375 761103 915142 279720 710477 388384
943199 181005 922304 836173 200806 905674 785490 980652 650149 458994 107165 957281 739271 904126 324987 947683 750013 476740 885152 633995 619173 754146 585385 975387 630983 406567 988969 633293 182936 922861 612830 635604 592273 641855 918670 161200 484836 808487 884326 904918 406109 271631 258185 972325 898142 298675 267574 369817 518864 385499 977128 681349 733435 330126 149009 519963 704988 869229 226388 372574 748836 532833 421141 686330
184254 925743 672939 481593 110047 263788 453151 985166 642868 224783 376779 123314 101024 114912 122372 905097 117568 627763 267615 765967 769423 667860 998826 422460 395444 401918 417996 487805 856735 807294 410368 251111 269126 333835 856975 577818 494796 684584 290397 478828 595880 995544 460960 978323 843185 136452 407108 559310 578637 375744 664907 498509 803092 949503 560067 887311 621178 381161 349464 658969 376488 883836 913658 484832
644862 206109 745574 856120 902037 666187 886581 511443 858803 933410 943247 987983 709139 824341 934416 314442 293240 467519 953952 187769 155565 852655 307632 768177 777132 491434 874675 332773 964575 122307 545838 241154 874280 100437 131182 466363 364700 248631 453849 997196 920511 597911 645014 194584 849718 112241 462164 304030 792859 624764 677940 344795 673453 558491 514390 255329 376568 384199 934313 988110 705631 543187 376808 776853
329579 826623 690125 247957 606560 913162 316552 715941 872670 695946 955628 915958 571113 704728 523199 225274 191632 356052 338693 343792 750924 675340 326030 130059 235114 919490 983068 556244 307441 525619 650353 621048 968525 816756 666569 639195 471424 724963 491192 174945 537319 670967 611146 179847 535766 553629 643604 624429 503994 468676 760214 889753 506342 690989 246114 304753 476999 829261 167345 270141 999355 274483 612686 245410
365155 317653 899917 823268 212335 740148 215821 551163 821072 170811 592071 340020 286353 911512 212179 418384 717655 161489 348959 144827 447973 700966 923454 775790 602100 730434 411061 101335 923725 256400 852163 670116 990607 156830 842491 832784 520068 982994 114882 331368 483012 622692 445504 198894 807387 541034 548681 605842 643709 195719 271548 336754 507569 801788 121247 969950 799678 531530 610221 983960 794060 409964 823467 191608
358203 485800 285365 305965 697367 357205 124673 574196 365168 686904 138586 524288 714954 395456 863118 807479 869917 672611 977613 968117 362017 660742 844073 751733 901967 835196 439867 738229 217644 914828 835949 514029 670778 902094 901389 980276 809700 412867 669636 514513 841143 328281 928025 409992 515177 197207 240254 598565 937393 620323 687250 833859 340521 870135 604244 810274 267100 747813 573583 281568 126576 324415 395233 627024
350845 896041 557165 887291 727221 164257 956652 870794 454006 992013 955937 897083 393334 175215 176971 125621 826648 334420 255532 475088 247191 157086 964294 764398 376186 628665 706191 209481 246999 164560 902814 521838 275857 721781 929259 896740 515529 804108 945155 770657 875578 995600 800857 652865 191907 929858 145025 620653 282518 516863 511982 329659 616310 224698 134372 657610 294440 789736 149113 703532 394797 240280 390975 968393
174970 993447 717245 539226 539724 745891 967714 151872 129011 582602 853687 219984 216045 924223 253676 358842 957012 783339 137741 938245 522809 407016 687958 138341 430388 328183 440039 181691 106737 414996 499725 727118 135780 474336 295108 750503 914076 574641 202249 452836 905736 198215 554339 121988 835662 758031 264211 693200 120666 933290 768141 213454 412162 705061 619585 840331 974757 186077 139916 426667 918322 658618 823266 201408
649566 855945 765032 914926 277850 494119 649460 829456 820029 973854 507697 558572 550107 360038 779868 755327 151777 726351 839406 288894 513802 352904 710728 385036 867346 411369 153082 986653 912077 387629 164177 513500 426650 497793 386853 159857 936456 948579 882613 803932 311050 853402 314124 759282 485831 942911 339182 845044 387409 388217 966417 471528 752369 733365 923185 955478 286462 216141 178088 312097 472373 421724 571518 341048
521396 320077 790324 599916 608901 998702 768046 191882 714665 411998 137540 258652 851580 315586 369140 362518 968696 350771 869682 734440 456666 223375 160116 602299 629261 559741 748796 756225 910459 536685 623116 883559 881405 964246 952260 421636 173890 435722 501843 232045 914949 136656 243773 131611 153340 162882 724931 279394 156907 541145 355105 152100 840043 664532 622601 724668 432670 353545 214565 952670 538283 428567 234300 841216
273248 533148 977998 565050 368491 640677 875485 221526 717824 387474 470843 192767 693652 659702 555997 538449 642390 603564 989895 794203 286028 994837 845341 477946 396779 875946 778213 669975 449302 892223 697745 380086 259766 635879 183083 601813 614962 974958 497123 449099 288260 300867 869961 941932 137907 823237 523831 863787 783234 653173 640996 990516 455884 600550 796145 674930 994549 312869 378701 838776 446378 237100 572399 615473
380863 592684 360192 338039 763817 926052 643355 490794 343998 895673 328822 365383 260663 972266 309566 702157 928737 245143 749402 964059 648019 188775 827694 194564 682295 319644 369287 731504 633133 408686 840673 349453 783566 347360 512429 550500 851357 571180 582986 169336 787753 728432 963029 551459 382176 987826 145036 697586 844206 833442 272396 154866 245872 552079 991691 783107 370200 238526 458461 315593 909197 915797 691824 566187
151814 984858 945094 567840 648916 826283 907848 619115 712183 627746 234554 671581 544473 301612 125153 992190 658415 559655 771742 742255 108653 984978 995121 508958 667901 161061 642881 394616 193492 153657 850640 203989 187642 260097 475883 943006 462873 421087 157499 239010 218955 559925 480506 261389 140633 810564 775230 541634 937369 406136 676012 140399 513095 750600 842968 380353 666109 924277 666167 770018 688123 180582 263275 656013
230600 318791 969251 890381 668232 318403 780513 514592 923010 363355 248733 275845 886594 408250 148606 543276 395951 853766 336648 783319 482489 683758 946898 695131 977033 671144 591778 217449 317168 901818 546007 596813 429963 875523 488719 697853 217657 985265 747856 700598 437990 267784 684811 711637 591447 601106 769980 905444 427801 112340 827485 495810 167141 104012 990900 735557 206363 375903 576391 302538 340223 276111 560238 279502
944940 664712 629253 277956 716944 283770 311648 932741 547714 679089 631173 415463 537145 356219 506886 747445 806141 241343 333832 312813 336388 197656 245330 938276 741665 856262 850221 239849 187746 823571 430965 510061 967013 648225 166137 646243 197379 151006 800649 918955 515506 532503 802347 562798 917887 301260 308609 616186 414385 855579 252633 262559 667980 774033 956485 285194 699376 737681 353469 328795 113297 842754 190504 375931
306646 882975 855933 777074 196128 356848 292197 417211 971009 142469 261510 575169 843034 149335 107799 941133 836741 890377 148451 219281 209752 257018 593760 560881 783316 393809 409001 514862 722341 940604 558390 759316 590420 294438 777587 241151 149037 193041 651876 111515 591048 802332 275788 792064 138726 305254 225159 897687 321310 989979 699031 169601 315478 594260 262873 269958 300282 625498 683760 681113 736403 450505 789075 250671
509477 189261 370823 366411 631549 237854 355373 958571 729315 147506 301907 704573 810665 508818 797764 789518 505660 328279 540722 652446 354529 701819 985523 767118 417355 139442 969692 263086 213578 693664 262224 978405 845895 225217 885919 236556 540351 750653 947176 976725 202707 672944 134259 344423 851150 607436 283425 949250 110201 553039 459677 190613 601439 689164 483820 193240 845322 179737 184918 638368 338767 248982 264739 729105
551523 530847 198406 986893 883581 946637 326118 565748 992396 832281 326674 968321 754828 716994 314210 598906 297601 955789 574273 382401 723305 731497 830374 104582 612444 275300 948323 820821 784686 310815 818053 457466 228889 365399 556035 362422 146606 226020 232252 734887 390536 478025 965339 748815 609858 381788 373880 537722 628021 738243 943777 519283 618656 900546 285472 591063 277279 724238 415751 845861 510351 544984 973631 893174
664601 171988 216244 595416 274127 727496 606491 593063 438068 673237 280124 482067 313173 817385 345284 899156 475792 108400 843836 116191 576114 953374 645625 203602 128952 548402 602102 807156 378393 684548 130978 257480 238369 924455 465267 188129 838971 915842 436298 316894 404535 787912 247589 875778 378492 812725 323613 253674 921278 295020 708079 309096 623654 147816 133918 392416 301089 947586 798688 479118 482224 643870 879187 204547
919015 413333 529219 151607 319936 602775 684291 632023 947778 107412 645388 197386 198782 625575 885197 203572 186170 693685 342589 220229 725465 978896 522532 142687 888471 608140 771819 720274 366681 845475 489269 616830 301670 710369 306882 761696 752124 633920 640589 732331 288047 390982 721694 892460 533467 504087 335799 886399 804682 248098 787299 958772 326249 965061 980104 340227 373999 707356 370259 334343 732195 450533 586473 224021
583117 415046 340567 271650 451513 148001 953723 998337 463789 267023 516422 107314 606118 991098 909555 313697 507993 337216 291133 456454 556853 320883 571888 831505 284692 958358 585390 931815 722931 816415 346694 122031 967021 611643 390000 669498 363436 116632 442067 437693 220117 398087 153679 600294 331218 304039 438748 747407 788468 642617 602436 849654 360689 139061 231748 814596 619769 859256 292836 289745 557332 890307 694842 360605
985512 567943 294293 623368 716969 514139 859985 440941 391683 867804 432551 810062 332258 944419 722514 680216 680601 786586 525236 525023 218770 569199 500399 716115 648904 500800 847813 450216 706389 183409 108754 143401 674238 270451 164491 816863 394150 879355 352743 422937 271381 792884 635990 497636 755520 352123 384827 983013 563294 153182 585127 529554 571849 839761 140190 286313 894421 753121 123258 605033 795397 208217 645130 279832
149935 406300 718715 734552 848452 844508 304862 924362 730199 561601 688705 253398 488475 374343 192661 983755 190972 964557 697034 729788 359990 973439 243429 100033 730747 854293 449373 423403 576014 344776 620617 575577 559746 514988 157667 794238 565657 337840 830845 740036 176565 239849 604713 955920 973058 652315 183544 771833 759005 367807 915193 476147 656485 209727 196582 992216 149627 845689 679975 761649 321704 423195 254613 785216
825410 937725 374232 868037 881944 420935 103744 862310 407251 716419 143510 554960 544221 180426 190626 215494 545287 622780 836434 693881 655126 145430 740720 451851 912704 475754 379063 743990 526111 556789 673309 996131 919820 965993 395334 920085 427596 995986 382693 507276 262694 214199 428739 664513 927003 110444 890856 562813 129726 962039 131907 593853 245978 531184 384655 323386 822580 363310 722612 577469 767820 751658 587628 606385
871058 697656 821147 529253 178640 155371 835211 994402 631582 139575 409724 973101 573637 861168 889704 223567 782786 776378 104154 204566 399162 885958 676432 657486 198483 997924 742757 163698 628489 681785 585744 819101 350576 640562 657144 584020 318810 985598 931716 274960 886935 228812 938009 724877 213810 267648 373994 570274 725390 239784 616782 923327 754971 491268 626518 683018 745029 157907 605423 947550 342685 185348 918412 870017
839309 957224 312088 252261 201978 529085 150030 877472 188191 545732 223023 907061 765402 331616 988976 121020 112963 195866 283207 695399 913823 432590 603822 601653 368546 365537 398700 146046 538921 431963 318593 139291 197592 366717 946583 987893 322331 405417 664347 180787 347587 685191 809814 863498 613976 209186 275998 398240 251622 238252 571503 958367 107654 587652 101678 690650 893709 425831 323477 982819 148823 179087 840893 958323
915833 607859 776378 731456 268124 236306 166530 786350 809241 744315 136698 235669 485988 912421 250543 370125 629719 842803 880678 120703 632969 992766 599933 784740 874522 972618 431310 194214 946588 331990 788292 270668 407501 279697 916514 427300 157407 813324 435941 581441 325518 883939 443460 909183 377669 107642 358722 901595 250987 319043 447069 443099 554315 345070 354010 327064 291210 995518 634307 970044 859359 796845 863170 596368
946766 882718 989505 745247 377879 334205 844917 957138 165206 823926 301800 550371 274758 670061 407858 583979 306478 631254 636880 747912 324419 781874 497598 363508 378305 207135 300999 947594 949114 711955 731835 341110 190648 197175 144876 208685 940117 792774 722005 818616 743608 776967 625764 189273 809867 566883 851791 782127 171400 946353 693407 881221 783624 281020 275191 281424 595198 551042 917541 613900 296318 300439 106557 969096
512337 723742 308270 504600 616441 374849 393641 114537 398621 358835 381965 436515 418081 683852 317676 725800 751019 516462 667131 307638 967356 641696 515534 396353 868279 719528 210773 878187 256925 329859 458705 664933 767088 300614 764219 331295 901947 402531 569225 598414 850504 350298 243300 343166 615628 866946 570117 716915 382166 750485 289156 730045 620540 381819 913507 350787 115294 146297 393022 234783 724530 338195 352805 568612
905861 201855 124408 416100 790219 630095 250966 663231 907309 446292 476059 651254 695327 826487 366888 941345 627731 452402 988384 122617 266290 390598 871969 680390 449454 729082 781918 184823 212679 225936 244020 455111 826109 182056 575471 341782 870781 894178 467577 118406 307567 439560 730184 478841 818070 645838 107689 582982 186800 108033 720840 902652 320662 306740 970471 419354 900816 715180 954314 888056 570183 641896 722805 157251
172532 197300 795497 797417 644368 560743 103615 434048 823621 652019 503094 848391 751694 516569 695789 958035 262177 696890 750850 296549 386831 787969 539873 959952 248654 739753 783310 227199 225402 782678 621537 737931 593126 957730 618011 961451 251650 644778 233758 671004 459325 387805 153986 245222 354422 632108 460451 814874 640531 885916 462555 178078 936782 681380 439674 263551 181194 126448 117937 593568 133006 487105 590200 869814
583531 651391 407653 493807 119984 287184 967610 544194 629307 448466 170766 113114 224751 549301 988177 400457 458596 178469 778400 811793 145014 265905 874965 417949 803070 814222 367261 955519 630923 424267 179100 998075 227145 841093 788660 215778 328372 554556 437352 721473 238820 450272 868041 802850 675915 940193 872536 337146 402734 324780 351990 850069 572923 859839 666998 347204 441738 494837 432611 511574 895132 122979 668671 412470
510226 704021 989496 442238 678226 256836 722281 322484 349473 475287 724056 430745 523088 849925 940992 529176 906582 735383 244769 824866 279239 306703 936150 280757 554845 641522 750024 878774 455121 406445 485788 168399 180788 943720 285758 309988 704012 974545 629378 393719 764154 137352 523977 967942 968956 371526 156380 220153 176962 864745 952120 855910 835763 309628 634115 911319 155552 779595 864250 711782 187436 310970 338018 779987
865906 700873 188540 800558 269374 288047 806524 631684 957199 200433 986889 562833 956936 451217 579717 601855 150621 557699 811200 217508 565089 643543 634049 871716 645686 397009 436376 869885 131786 525617 504553 578289 359442 362347 615966 541008 480664 974289 397747 301377 140677 777958 377581 413614 278126 648650 567711 547005 944779 181596 256548 162195 265610 991103 528845 712605 327161 180331 714205 439045 605002 543931 162606 785447
146302 992669 684954 110693 507546 999979 578110 190685 576938 905118 358266 332741 131930 373570 338334 323286 791489 914346 933127 507815 843658 196674 482754 976356 479186 374893 776260 766999 495732 419383 853145 340568 816924 762345 656745 230644 742834 163956 779932 713878 434830 433545 421610 694569 583235 668207 447108 118348 831363 687671 464704 484046 110804 610910 913114 401521 450273 602015 326855 424331 148017 315482 112300 575512
758448 191475 270283 939421 860133 352685 699251 195610 766716 361781 812130 874932 446674 425054 228374 109134 937521 704498 193667 599212 852205 550630 965566 698152 134328 511882 626765 580449 189682 332569 817701 582424 531670 342402 278583 264362 742097 760779 142982 480892 445311 607063 279861 716136 287942 779615 841780 742156 553156 925256 689506 891696 205467 281988 666845 562812 612875 240062 688843 856318 497209 757366 329372 415439
896422 685611 403050 430865 450819 927699 453412 968388 574278 845206 281250 400007 876153 333506 106705 687978 917415 311679 599273 479542 674871 610384 668786 813082 234502 901232 207987 500914 683609 681659 276543 556453 133062 926719 871645 236168 287097 176407 663169 418427 644449 226324 515331 962076 418000 148931 385712 412204 698695 982250 879767 340709 469340 743411 565622 859476 928647 458733 643716 994054 638051 554674 380241 392196
327892 400979 647133 445514 316674 842472 362631 944307 145831 806256 385987 116058 398667 954433 891024 427300 114706 816464 477330 287826 414563 561490 433209 365060 704483 272653 814357 165758 244928 900201 244881 292678 999232 934009 479940 835917 547187 631740 372874 222483 286145 818756 337254 595639 616412 477234 468043 499699 147405 949206 821336 288705 216565 867843 614456 875950 606664 471038 653365 385934 876847 990875 639556 232157
697346 188722 383283 410940 685245 733052 395869 174913 148464 985393 495101 363379 666622 358350 159340 252418 658480 318273 576004 326730 399320 646688 631544 421159 493623 386014 117007 975300 864825 971012 485799 277737 568896 714629 909349 494216 710985 342939 374567 514144 895730 608771 822847 158226 805467 367883 238406 420097 492010 562490 698808 304020 380211 792115 771951 134773 911823 691100 481908 287665 737220 567474 766529 136665
409166 238169 276206 308759 984798 463107 335327 685805 394443 362273 303255 478905 721211 312933 532413 102426 417554 379743 879718 170886 165506 270600 853136 897193 251671 579389 142932 230106 459303 463690 390587 771226 699144 615767 170182 153735 631627 528046 668834 532641 822489 749776 425656 936924 537785 604176 290215 798115 886722 309602 605123 322364 941180 522682 977881 311687 853384 903268 907864 109245 227962 329806 271752 682308
