812109 503227 696087 924811 477933 198491 257848 502791 307979 320529 662245 479862 854610 610161 546788 109613 398757 635716 675701 105596 108264 158939 457136 124742 922940 755171 532227 439964 196885 586977 602297 900092 126354 175376 125484 826962 365325 264568 129450 162424 146644 283943 566192 221011 264098 943587 629235 936027 220348 916393 255352 438951 331384 988002 628173 433553 510798 385954 265478 195008 645272 795891 239673 214639 
798496 199888 591010 402380 755763 374838 969287 574591 340007 727677 863074 343150 114030 436163 590328 960760 733385 408307 495560 309134 406557 953370 154100 303688 610883 862190 168672 476215 991700 716188 523141 245020 547598 369235 388704 820309 903880 195895 984298 293881 452151 412869 432320 736287 379889 930414 601421 692795 637012 363306 122734 763215 907711 848394 336667 669851 516851 414980 962127 809348 533440 715203 283748 461608 
703191 442335 128274 401834 818526 583981 818130 662182 220321 583112 117376 335959 172915 938018 173020 833526 698327 132124 576476 661196 994882 752606 741847 997431 976333 844708 909117 551591 167247 596506 121984 945942 695848 232748 523995 563166 261298 262434 956699 102184 418222 224498 558347 514520 289910 622480 660697 591215 474249 244331 137594 676857 694319 246175 360683 713432 434099 235442 312851 454846 438741 614032 925324 374952 
245550 823974 458459 645432 261780 909880 650989 486188 135266 865658 430841 859037 227099 606159 786573 963015 236869 847425 760576 120786 359936 738460 425594 160200 281168 825581 632119 652658 635172 546297 433208 929052 801736 284287 840951 356343 160377 718838 254304 198043 525379 126131 622001 296655 726243 244924 361376 403292 165129 119391 214084 125847 113098 113940 419905 180012 355036 524638 390719 443272 693603 995829 625013 460294 
510256 845070 940381 187853 983503 861392 786500 215135 786208 119287 733362 285736 227592 737979 448443 231163 560304 115357 431921 875466 630096 599415 366447 702774 603326 580662 167285 458057 539205 148055 549108 797162 929344 942219 606339 545902 325555 180974 196320 955944 595212 769455 985979 725873 251771 299275 222552 590464 590725 630521 376509 587751 727181 539039 486481 200541 959734 957825 646268 793768 371702 522345 487828 770599 
271555 206300 317726 412600 402382 359486 806079 236893 963194 563116 538587 242812 469147 582593 739732 902914 308869 210606 905445 233641 876981 446460 270138 727766 349709 715813 223081 115811 376552 983377 989970 920333 326918 775417 767761 630309 830977 414102 750967 709038 572055 836961 802329 595080 271075 258750 438744 249127 840552 388647 195838 642907 398319 677777 359589 447448 614933 678515 137143 224711 353504 525539 893339 631789 
333758 461518 173175 957239 210084 243115 193307 522881 490496 771198 512776 681375 818585 328136 472181 209143 481763 735344 915145 560829 500770 334906 334746 440764 398861 703581 745475 197374 693575 716019 912702 185580 817308 739369 398870 279056 266478 823845 169509 526171 597289 163809 249898 503676 353284 972391 507554 652481 513768 159538 700772 341924 600397 562195 627490 911890 768864 618235 138363 194263 476093 152806 979669 929480 
317780 925409 779990 870774 915439 782579 585825 147230 352186 533487 984102 231402 159244 699272 953200 263203 616752 561463 353645 714022 418013 619074 933392 436261 959033 547313 135199 189035 120174 320521 782451 429620 627976 332589 331140 274605 396353 219560 635524 282772 169135 499811 279529 713468 172752 210237 627799 639055 230043 714721 557893 595691 731373 967124 618084 730866 453100 229613 525490 425355 157026 447021 519923 306435 
199387 200937 205999 287379 899987 972992 797490 251440 255181 290078 541920 391892 756069 823199 195887 980183 356737 214348 722303 420328 387170 724591 752920 760982 629628 880235 195396 455827 865743 990534 337164 456992 980411 727617 723045 907333 703089 499046 536289 629294 120481 466319 799797 798811 187527 150298 556303 746833 800125 816778 231510 308780 176932 657742 776783 816931 322637 855756 441411 346671 609480 145625 709610 849129 
177074 571268 253455 625266 208668 124777 816219 602076 838221 882295 705630 629690 480195 112651 526338 859597 190689 589229 241850 748625 757676 350393 799263 295920 627847 880319 461956 191242 778469 687928 842214 844816 244040 201889 161688 213150 210098 354946 850257 614885 406064 358615 358416 430559 148431 820472 749906 811895 170331 499970 928079 375338 475954 722823 480192 808219 153157 856123 468662 310138 717925 914630 746850 685909 
116612 266617 668882 946709 201318 958474 345867 399635 805082 435770 632734 412674 279134 252064 704605 874593 468076 748386 491221 736748 933900 492189 408554 635576 663463 865029 213448 447509 486502 525836 775640 897372 579196 628902 959320 890677 293145 139203 988134 915903 376957 943615 950095 397102 348932 450295 853298 550751 510538 296507 369783 853576 546620 201454 551784 795077 735914 362970 126973 833895 369312 388663 996496 508439 
298914 503016 836855 322843 163596 409709 756075 955238 404804 795703 632222 253953 201931 980349 529439 263775 517064 916860 895109 743276 839629 817508 655101 767701 833592 261877 429746 775596 588292 302849 620429 800799 825971 764174 159997 688501 981279 956472 831695 751380 723907 556370 838241 138215 990287 303194 705576 670376 840081 642589 255709 168795 234202 408359 115623 924386 782385 528345 369549 469009 166922 471084 305286 863478 
169847 828973 811181 599322 903883 385576 904506 920739 722052 947995 647476 311309 912890 997705 679562 605030 892327 261538 421222 327368 150488 649681 206103 750114 470086 520177 250116 391655 944568 111438 527864 465445 644621 873033 309574 982444 399959 351510 469218 991344 876864 340303 132037 246885 945993 516927 821623 387741 465889 766549 223303 678079 711174 261561 857511 166274 968204 108231 923012 568885 472322 492549 390712 732070 
135193 312447 298703 257993 391542 335024 552329 878951 347884 523902 413404 450289 181919 696603 383130 871542 292453 419732 435559 114964 776771 841837 208740 112045 112818 929135 336181 912204 424984 930858 144027 215299 414009 356021 218415 607307 971342 937504 219632 898262 802027 353696 335425 322418 561303 544149 469409 908885 854442 964613 154175 386951 401647 511175 974295 928468 761453 546310 586657 161256 767832 866182 365168 804488 
307278 578532 116376 357096 797761 222564 113026 532920 756321 606564 397027 167215 293613 374809 504608 430000 724299 644515 642756 336780 945678 238406 520260 675326 362589 821155 737918 120107 294903 102582 362674 754371 319289 321098 763349 823220 117735 612480 302882 478263 436163 283678 836943 143333 146524 948187 605895 884066 948718 264718 546653 495653 807473 813215 557679 823412 715360 918352 537294 686755 687213 155118 520135 110186 
148525 487793 208781 653297 845797 805450 272168 465680 142523 627817 867510 712574 614232 812601 600426 173941 699717 823377 692980 358750 870862 808039 577452 421400 417471 583329 734148 564551 616505 536373 665733 702044 615421 771842 413669 790848 814281 248765 438381 259831 804226 238197 989603 574550 749837 441378 623824 680046 952276 816993 946411 408177 281922 548572 148829 926712 737928 596824 610024 246762 362157 770885 842408 740996 
281602 147550 539696 399615 441464 847548 841943 208897 210978 155240 255514 562420 698766 126576 333304 419399 812396 317576 753382 715585 675530 378709 896889 219918 821847 416318 853431 165096 987792 674505 922389 994398 770569 217820 355213 835362 116907 863643 591453 829125 786667 257454 901071 290602 950738 340240 999216 644096 766354 360571 849276 669284 843667 585050 886465 249884 870901 559368 876498 847373 175666 524539 845507 575247 
870897 533728 667964 176424 109064 577558 795430 775614 176684 119350 843221 227603 239775 800293 325457 749289 817670 923686 991373 466039 936667 680083 715375 875225 962868 445074 205595 876641 485203 365185 773073 216087 859737 240624 301664 914146 634390 964885 368012 893625 924799 870870 379560 125114 491599 407383 958438 627659 121251 687881 409309 513336 637855 357761 482080 459967 867820 858842 503764 965538 207016 781413 244600 703456 
479128 180610 150971 184771 792331 768009 546580 489083 933742 159744 838516 979946 969927 439798 304739 780230 468389 826235 874117 888374 207134 200661 775140 885593 431240 550899 792590 907319 224058 433424 946544 910002 671753 582967 518037 889587 162141 374766 249893 702714 409453 197878 250609 803950 264179 812076 190433 800776 596010 487867 593321 512968 667247 991012 891084 485091 512935 272177 288616 629840 814275 385448 668717 547962 
690642 986071 409173 768418 500170 942292 804290 946649 886460 947559 833913 734014 644792 557505 229148 814045 328157 821303 422556 970893 340795 298454 520423 383416 209517 738597 330255 137784 883429 326721 746566 801632 678646 237789 401921 389693 206335 967987 236913 416145 796353 593117 234209 856448 139425 489103 340893 812870 640016 450934 381421 398072 371986 553604 748236 827566 639239 566402 783989 714809 262513 279764 620724 514553 
348670 721357 743965 747041 565575 524441 144310 290671 195946 786872 263456 366261 680498 345469 197781 511976 476159 113750 430264 361321 462038 286510 866403 794072 874058 703178 616038 623436 783968 791559 965336 939721 801181 986407 402786 787388 627867 451778 217218 534314 939298 450476 855593 402405 811635 651426 535592 195640 567621 656014 534637 760117 248874 519375 530115 191097 474123 117479 736507 887728 631892 363559 606691 287368 
952747 777884 360288 641175 122499 992166 428578 564459 648444 789050 620677 109497 617893 483018 189053 170175 553324 915502 273800 956558 770004 622228 769968 768361 241781 888543 485100 821015 364185 922403 960074 612305 766808 915070 903097 323977 680970 847079 988732 329430 630494 676260 493358 750910 674014 115317 361976 647328 243760 202258 243568 665682 263417 931104 621882 602540 885550 344993 573246 515996 425316 152936 662634 964480 
814932 143880 241534 711648 445298 401521 351291 231503 549098 914441 784212 577628 243902 108618 216604 879873 799173 548209 542602 794049 340304 798528 892318 812008 506235 678791 773822 293124 693570 120133 513545 699819 343874 650239 115896 492736 989760 532886 315711 171485 439456 975366 342859 870902 908862 778784 103255 697604 981134 281194 854615 567842 152480 668708 667368 345287 726429 237988 669245 792156 976356 997450 685017 965240 
701536 906212 516950 992643 894369 962798 542080 171190 630428 470425 389051 531798 976046 741056 435200 319594 662735 448319 354428 939835 247541 861604 188622 615932 984670 135267 792281 758400 261019 663505 722240 876803 763942 504269 382831 856241 920361 226098 490122 782462 199257 953277 991054 365993 981731 391378 378576 727896 413303 545627 370228 450251 389480 830527 137167 637276 126346 948028 858336 640452 376305 809912 776109 106386 
493015 953491 145567 575570 378553 170782 534672 436394 651664 834298 442869 525333 754453 262228 723420 385192 668555 896327 246375 529773 419970 849334 757703 163255 706315 363340 552340 936734 494099 787756 193950 485043 146868 802541 541124 554592 185839 932008 664730 402498 476637 526973 261919 549579 618788 356458 538280 445685 216514 187804 394294 780994 775808 266832 950291 263432 303926 405981 860725 141715 626516 626049 213589 764702 
380019 103316 518356 743952 455749 587583 526891 648468 409251 717709 289085 208747 227135 239555 767752 433350 809706 900031 713856 830242 316745 916713 469091 719298 894270 709676 556452 249120 769474 112276 381015 832709 819904 994389 332991 581723 722555 293704 428919 412885 980952 414937 829801 774157 146697 690416 260769 776704 833738 106857 326372 574532 457854 118897 126346 843545 731744 811993 313500 893480 317336 163005 753370 213835 
833196 768884 199715 355955 447792 538182 775721 109003 542608 132831 701025 181255 798870 343106 434407 231195 743621 335307 670395 233843 537192 891818 694119 667317 862956 424762 139191 536931 608943 874412 266175 459476 388938 934206 267231 523613 849205 111151 463080 521943 558019 823487 956368 279275 606861 308884 409330 600436 543639 443833 617261 736111 818125 269053 752587 243313 913355 405788 461805 131141 685529 998429 365513 154856 
748578 863454 732140 453995 482844 599656 324003 569206 792143 516427 868462 850765 703855 581896 399758 145666 444816 446693 981941 501230 150985 366991 955979 569931 684441 946114 256974 203077 753409 276564 545752 311514 330310 941821 307222 116554 822639 582360 459155 621687 421925 206640 376474 248151 573467 698444 536515 914255 873572 130142 774090 864141 485943 619081 249070 519228 557186 106316 356646 992001 283804 773157 938472 300042 
808341 876569 873000 387503 904006 563668 307077 142728 559262 985047 241660 406345 828015 285005 996425 617553 386480 542991 716286 638232 335495 111787 995579 626291 509368 209521 502246 588989 910203 649954 795623 804614 714970 648530 356473 530316 178768 872418 948664 965134 287136 866386 589981 224435 149516 462397 259676 527943 387450 543719 914167 617056 501627 586680 535129 625060 788725 877989 976587 921160 512328 328624 211815 570446 
554250 592386 670221 277406 672027 396420 345572 951767 107154 369283 907484 590982 155091 761638 626550 192198 109052 769834 274672 634642 947723 578885 530289 372822 182460 705886 643951 175949 934347 115055 327897 554983 312887 646262 102722 542212 476747 525100 346952 710040 386583 780438 545172 146847 787560 729064 677387 274496 225529 530030 376339 463254 716309 659212 513836 351197 541428 750512 638256 458266 462354 102681 708358 115904 
503878 135183 563534 372149 572095 397902 345696 128755 253047 467581 837088 353703 369373 158770 171820 179204 104279 143382 837276 977170 837155 174539 292801 446622 645236 608402 370733 545672 221007 500205 626314 460924 407060 874612 211591 323203 423908 320740 918127 295544 527010 406334 605049 120123 230199 648405 389105 747410 642639 240771 430881 855955 418632 897421 273554 527532 816539 402171 902233 181442 355146 139357 448871 602370 
350841 546289 319166 625100 366371 381315 848939 166774 639262 214216 745507 539516 885342 491750 695776 464650 911580 829660 656217 271681 889675 762502 918540 603968 825864 233562 650923 873296 549520 166530 335086 334653 629104 401792 740451 316736 131550 374538 938370 143949 138654 872575 953871 689322 177492 962368 500896 724031 423782 260928 808555 310773 304579 553017 138100 536701 747959 892996 159190 322454 403250 646902 933414 988456 
779795 771701 889928 475224 318023 524975 526880 151674 515913 340178 105636 533120 857035 191729 796832 104929 396932 187046 355048 820816 589558 248363 302487 201821 817445 398048 752688 110725 239348 931908 530540 586190 967771 728799 523918 479520 343677 996934 240170 543846 428032 757648 946709 201732 441402 318014 186905 171323 495294 909749 297359 495550 780487 449011 455102 638322 425809 787499 908052 583225 891767 434525 487591 352702 
305283 651016 738872 735271 272830 467376 251219 220855 825086 899631 298658 427377 478506 120567 914358 899356 190735 540019 120686 869896 449275 729878 907507 797311 786497 721399 159688 483348 246736 250351 535857 732599 510953 554769 168456 656404 594263 134725 376191 753058 156090 958391 980624 514991 576952 511118 786996 926916 283661 263351 445176 795700 639426 730024 321702 292751 735761 291221 223335 423327 176962 830020 880339 518487 
763965 951471 147498 837092 408826 865600 681896 427261 842213 138167 858799 955313 895317 796543 456704 908741 920483 543262 859474 382769 570670 701468 796280 268157 537910 701308 824773 314656 845561 305878 819547 690208 141287 313927 883830 634560 565215 702019 801727 571984 275212 123585 369999 845990 928890 456643 737405 378214 133703 494587 133243 333816 797186 152774 338571 327207 579876 261621 794400 677269 677192 528068 114679 726765 
373875 546333 384094 503386 872526 656377 952874 245121 257456 735214 857764 190203 822411 403061 634940 545325 954406 180641 775267 214607 771092 675532 910210 988837 837040 518387 116590 437218 426746 530029 881610 417906 773176 640043 984004 958700 907421 935361 175184 455087 999905 123262 238584 436516 700237 316318 930129 163285 207077 705835 968546 228600 151517 342678 671564 882992 117494 524428 373184 908101 626371 524315 885400 319481 
781249 724531 773521 860763 280286 568804 185924 529245 755804 319799 317426 198386 383066 165347 275469 351691 928753 454062 481697 817540 153341 623416 306342 418620 513364 377206 324428 184868 964305 442646 389867 251120 654515 524736 159730 960624 469056 412123 395730 412300 918387 394794 430007 159931 268229 375390 164590 327149 886371 162635 242765 183317 713030 511761 740798 703374 815696 561280 780868 171264 859014 385990 490190 586948 
926173 563975 675965 152722 620488 568137 704668 106134 801476 129990 153058 217803 741879 351982 212723 428991 836347 183467 567667 304094 501745 741208 455837 755802 255233 133012 264245 545201 246696 644878 293020 968651 681347 632093 995350 783384 967475 307189 144250 270060 781455 996548 866106 821405 887959 876000 228350 198955 472523 716839 389387 781004 491265 666855 222375 765916 632008 148846 251357 326577 835499 172505 125082 626120 
761706 390865 534550 528834 942622 854145 645479 425606 893248 558419 113089 252967 198687 624677 800362 623576 998958 691992 919485 748914 778431 913435 991703 119067 235980 291220 236643 384479 135029 274656 577290 607246 809786 121428 191185 451458 776157 716766 987506 174207 164596 637432 739439 375589 630241 151252 111992 417071 196583 713058 457166 261284 757518 494599 823496 740579 421925 896287 221247 671275 743719 188147 729583 228167 
265963 804295 644398 572748 542331 621765 922255 168914 779760 696730 275242 895736 548263 281993 253317 491564 289303 976610 825594 493990 419708 382812 551011 660521 379641 145485 988605 554670 231302 711226 253354 999449 344400 986057 603782 849684 555715 941782 878904 947895 513801 627189 628125 543901 939155 121630 491388 170214 243015 209024 952568 447364 941383 464977 233091 921470 930710 426663 910307 299815 940597 811679 794248 757233 
448307 103053 176177 696898 181282 911798 679132 808070 254681 871908 741967 795336 485771 273731 241633 798608 779684 578817 261005 513419 349543 375315 205773 249934 188904 992651 745552 750809 181606 556493 908415 739175 276848 600996 989135 275652 808566 294778 178787 749396 178972 717556 988478 934344 432704 915276 746594 612666 101394 599568 732981 722950 685845 875109 577251 991255 836639 463692 349296 431202 592315 325051 518868 513814 
306688 221650 217110 582985 800248 754834 777788 920696 640902 921089 962404 478320 447846 809467 664095 909183 154469 140895 435203 705304 209321 735587 698451 914722 678726 453857 313976 696745 970094 354080 609486 981580 199128 515966 713160 199670 237602 352345 862907 297465 381424 458649 523364 679774 432667 192595 672364 231727 145223 130730 497932 895269 830915 563680 870419 340012 373838 698217 549867 660575 527278 316588 846286 978554 
753744 818371 157714 906276 374198 672265 971087 133915 489369 116581 970138 730320 132207 438314 881701 942500 141973 410291 311713 593238 377200 670618 626602 810199 964871 853927 966979 559163 829509 115023 297134 521806 826643 253307 952510 594202 782259 998165 647474 936277 799019 172093 908907 444059 729979 611015 938809 165632 388605 872353 397666 975451 997586 464493 741914 755059 189174 714220 546829 976030 327213 658693 955009 746467 
757576 687144 339956 747645 842595 851270 943866 796781 617132 351235 527100 718982 384137 901423 288935 975253 552143 470108 969307 411511 231574 192757 906136 688989 167985 543707 274353 860821 469717 908556 179841 944247 513645 549167 820490 243698 393640 807269 241714 706347 667462 822255 988250 540712 389608 465542 838371 798214 563463 206635 990221 260140 919444 723766 125012 120836 858558 702158 106883 383878 679247 703895 481820 467385 
470809 598831 406484 508094 347133 853779 737619 389836 864801 182083 834230 605917 354300 732526 906079 935088 710841 608646 740689 592998 168821 860719 951860 674377 973438 698636 152549 789345 784983 981705 647968 737377 672144 751108 208238 200694 351412 431851 656073 309537 519923 121962 742338 639115 389280 643378 297109 508070 443484 518053 372808 344965 880543 832819 832754 958810 359223 161347 460256 127057 853753 768508 442940 941412 
711529 808801 770490 343598 314327 857251 561986 257986 548485 480014 768907 411997 549980 950618 110773 556501 406359 879018 678767 160035 152766 310823 240004 853592 649713 490856 994764 923617 729433 325923 866661 100866 366892 558186 111007 545079 142662 431411 248587 747031 322384 849403 961003 661117 141029 456812 762120 408406 417869 499768 700105 999964 687621 334132 203934 123524 908852 358984 620494 540975 897379 847128 705991 945212 
707290 439534 745534 338979 670687 429695 641926 421649 737152 383094 894436 991276 896511 502664 478244 408536 517429 860622 299771 809179 103017 856199 235102 620923 666830 932986 983642 767616 706620 263913 603399 400838 675766 697797 161330 972654 306046 452578 589464 491139 601624 202862 389895 272991 286075 248981 289085 543925 271932 221042 829276 903484 668564 713917 805015 842951 873494 683990 128841 188556 494993 610154 819025 926163 
556189 277265 327791 588775 696378 221828 962578 337866 487986 336323 441618 815956 851522 367990 630007 618508 465435 962703 350264 447928 791144 482687 746999 651015 615457 927037 185401 556913 335223 846358 127841 511430 720018 987715 817149 416237 816232 846665 873371 749652 534403 339834 737197 103416 239845 837011 884759 532683 621492 821803 612907 690761 790204 592213 450861 256069 543822 772937 460252 390852 891953 761484 967063 209188 
744284 781993 851257 387995 112265 219999 522296 931922 419553 923468 449908 158583 555315 495154 321215 229938 509184 853306 243896 255254 241316 991017 733171 183990 129178 362822 770488 185794 171406 287022 607608 767965 232037 852969 454156 462169 970835 705442 226875 164481 283017 249435 391442 910418 715265 746223 683534 114236 975796 337069 259986 807999 903805 154448 995384 756233 930253 676303 951183 384750 540749 282029 498221 947468 
235490 286360 308672 119346 275477 611352 858352 902842 178677 555091 188125 863180 430706 949368 858299 888731 508927 914709 744034 682134 920796 692691 458452 575253 570330 127106 509461 910948 731666 761147 710621 846667 460601 796519 843143 216963 869932 106660 986691 520778 724562 562488 798424 384349 252998 132303 237398 430925 548339 273824 731068 239067 696227 500995 358275 269802 493321 982909 730236 756277 545778 738344 491160 394645 
390383 503487 269858 343576 644508 120073 979039 906061 628941 299206 465423 967375 701813 605619 691680 675739 561457 809041 150799 287207 313312 647873 476291 995636 830931 344219 920426 891142 863249 504260 713127 712921 746666 365145 677908 113659 444115 376196 517064 226553 123896 576218 840054 276994 358740 247835 472118 589119 452075 423878 984667 286202 640290 943263 906140 211011 622525 973343 924939 754057 664028 188297 983040 923027 
881950 866550 649572 805181 824910 435977 548816 528878 694376 668358 761788 446860 513972 593210 796831 699417 240676 517637 947966 768437 313070 694182 387180 985141 474822 871826 627100 581928 903702 283129 427757 170433 847608 637862 286121 250653 780663 426890 629322 389930 612362 835440 485916 295110 368421 284082 702079 693784 102322 247156 322837 183910 456498 467653 103648 317709 363837 847469 506174 861490 736364 785230 247060 124608 
253005 555138 109423 517024 400767 133295 876021 662946 772555 336274 819743 682846 596966 993548 151247 390853 236294 605291 455273 800284 787904 897498 386622 113229 372532 796517 150540 865213 774130 278958 927014 924927 954182 165210 166223 726919 768614 663546 348415 992582 389481 191177 667649 264982 106821 166306 587096 124979 450452 163371 831203 982428 386428 965020 167347 631607 581399 383903 270261 272829 380951 568128 346432 470285 
853994 706715 312711 648955 165947 510955 378767 919639 478935 513831 918470 269705 354394 613318 434575 713091 205785 527103 209338 360186 829444 360373 437809 302667 185922 868255 692249 780722 612897 567527 368755 182584 921384 618132 136870 430171 938572 722773 870873 102636 655035 131592 505410 523469 281118 325071 389842 506410 214405 804711 970199 554786 430752 965753 512003 181095 123816 740815 774900 647852 546000 886780 587810 748925 
498255 214634 845669 226068 368887 160836 330179 700666 229337 233709 220192 144911 763720 387531 859543 454976 638941 969088 605259 565384 949028 140819 662584 538927 496231 441568 598487 427770 574885 610012 696585 177310 698068 512234 741506 483983 992527 351108 422003 530332 460287 793509 419743 243721 774321 347649 536897 538589 658355 580672 784118 207133 589879 126515 750841 122359 920920 676467 401329 323567 163933 491882 366082 293815 
718409 402949 970959 632830 681452 812696 307355 192856 393331 144732 505176 475909 382712 662979 795545 770723 497248 307229 781668 716637 232946 624802 378187 627316 333964 603646 122090 542099 829943 654630 787080 703611 889871 314885 406433 447527 157131 352997 475610 601949 463888 743090 208052 698950 553265 551155 820393 228628 223836 769825 488719 709752 947131 307737 602108 370681 310658 863987 697518 830573 789339 826464 684287 313492 
839099 225044 156879 626649 635078 843561 602887 148030 469791 521571 571804 499235 642484 948767 330244 470230 128576 348779 533999 516843 342421 993350 966264 770803 131145 928597 849189 869352 861443 953467 440709 406919 351562 876515 925453 545651 934199 949794 668337 709893 102208 184480 781507 885397 931367 127292 996626 589593 459251 552996 947597 814963 719347 604606 309285 700095 391295 959402 395999 145265 488790 329441 633574 684266 
420445 360385 424275 470812 497797 584514 470348 291507 490038 110829 617743 634420 772866 159631 217112 818273 371362 495643 595583 347200 846521 220621 732579 804426 822426 604964 888007 636337 160901 113159 873752 668949 190432 329486 734455 314823 442734 303801 500386 209852 213391 580176 976061 488327 237093 695344 146383 229623 795230 438640 648821 458696 335313 376639 671897 622440 274163 806753 483166 732434 327956 323388 269758 984535 
457699 461942 247343 630042 515018 340220 693521 976703 933571 607663 391172 360158 422410 803177 959414 290607 623116 802025 703572 873123 872150 843063 521913 566445 341391 502019 357413 257706 398591 811972 280793 255309 693078 168607 171161 582193 383973 947588 978444 126462 532768 557446 875036 945362 683451 553644 768842 111576 569335 224728 209531 261704 942506 819241 386268 469490 686725 746252 891061 116961 898864 952501 678341 358323 
142673 284796 995567 631350 602077 553632 749638 653973 502701 831008 887996 724487 959346 616531 444762 932184 914421 996449 690061 440239 243008 446683 858174 373293 560609 477060 625762 366600 753025 833333 235574 142935 633031 317081 137529 329044 550743 719532 551637 389737 260370 594417 526557 726960 206139 358244 218767 617804 299575 684867 968288 961258 564149 653185 435032 801368 864584 699630 888662 251259 775711 926253 695918 570498 
742706 640230 739283 596557 676063 693456 513530 163715 858089 471540 681618 607791 622485 363963 933115 986855 497829 610796 768119 768238 341770 870773 528765 247436 695082 609053 462624 960273 645384 875617 947092 460687 454130 274144 545190 724604 160047 513198 142726 729557 385903 671942 459766 785205 418050 267198 155509 511751 284783 992314 191923 278831 931519 829314 515241 272888 594020 801607 781045 484455 617391 716622 980078 725552 
491189 618811 651527 256845 820143 881258 574443 730864 754950 463183 327334 895931 315908 939509 542957 828621 907707 297415 260909 925082 199586 493218 187750 342824 589999 553825 875036 874741 912442 460565 801225 957033 144261 192008 908244 761043 887329 300445 185343 775736 608289 614661 404160 952589 482803 842416 313674 917827 122693 140679 506354 656390 897680 357411 260241 587877 833409 616594 956806 749181 287856 427346 437821 797093 
794228 537141 405776 289067 273234 546519 341075 838444 840453 793567 878486 840964 699446 762160 174072 699362 968480 257020 946172 668378 995919 949125 481200 326674 194895 886052 931867 536837 378572 627923 410220 447125 181187 876512 211221 699519 976443 470395 197178 918255 199309 406616 238184 116411 346106 354645 515630 893445 448138 841176 294659 592086 136346 938816 227293 521072 434666 913171 201774 332071 980495 929304 944072 572228 
458559 439252 739188 759298 204454 406273 454254 385454 209324 208739 330951 645351 871738 344555 517072 877566 733631 631483 700812 676100 457436 484158 525016 674659 323585 465535 722955 532935 753805 621970 106622 250356 309206 212048 651035 994363 308313 773323 693430 135217 297973 787128 715152 144737 227714 269848 819195 707913 471973 888706 776534 505744 890380 415090 346195 193723 623053 884795 877977 985284 970412 453441 385880 944639 
