862510 259089 688134 990862 531839 491466 756907 961642 103378 531662 225865 734243 846861 794901 609202 559216 
250536 188291 696462 503997 785237 107389 276272 248665 796217 813512 207292 619411 527202 638705 167027 199401 
332011 658942 260144 439146 705615 125012 678324 926369 617423 922390 571082 378104 511533 691085 931002 470318 
675593 557081 628243 506632 331708 141574 692723 398701 220188 583501 534460 948695 896694 475494 318206 276029 
718351 751397 818623 967093 821851 872797 352506 928862 601624 861811 505135 726513 990117 153130 910450 632757 
737297 351984 278981 612748 975808 670173 392353 150202 617056 740269 680808 196704 992708 140356 932668 241666 
594329 854137 963719 733359 495697 376288 626599 709915 966307 846527 811414 873372 501287 103409 731136 821197 
481976 543406 289431 985679 228906 532375 123630 992976 843130 707756 485053 965924 256070 101627 511340 900531 
925920 130299 223751 606042 555066 876899 970368 800599 825114 288317 565178 606062 652450 326370 166648 730010 
550578 486532 622625 256586 463388 304932 254982 438487 289084 740327 879415 784215 636449 383095 552109 951185 
130693 520149 475285 565382 923282 426843 938946 858281 589937 695192 490269 846826 559723 875015 819984 950207 
231604 794642 279899 150187 165503 376809 462734 519676 889983 969103 532981 139822 923992 966923 816766 647087 
253729 690206 373219 830949 938335 538484 592788 783535 395518 420105 520635 999105 340358 195744 412030 190218 
683011 802652 509778 668915 190379 569079 321119 333999 560533 598999 418556 250569 460396 929202 206302 174362 
342077 102214 495673 174665 307488 607103 646068 711950 388864 773518 977749 824741 593493 480908 290207 994333 
138521 615160 525721 116258 345678 548996 413498 330288 245166 190700 610081 905541 813959 836301 667401 764843 
