180968 560336 224345 263309 605920 440335 392721 167641 382688 746026 909158 234309 511798 746565 270619 908992
185731 874080 422063 842322 978771 267297 715418 837916 269914 521458 508847 485076 670779 946291 643665 586387
363316 221335 133607 126201 499620 652066 709273 602240 172163 528640 745971 254131 684317 509356 669744 210835
818435 956688 378526 527765 537659 271420 244233 320094 623900 302289 665919 323382 129307 840094 503578 709193
635439 781054 474325 899534 489944 496173 155453 422834 225579 161440 986568 282615 595212 811474 207908 147504
436069 876333 708965 514683 547634 107528 396740 239105 624356 895342 347761 273713 747912 575059 723881 979475
620365 898756 603141 411789 308228 815602 311726 893837 180786 865450 149124 905326 730564 807650 929282 652552
447019 679256 602163 962551 591501 828069 523465 575909 159776 464763 904639 898507 749450 268491 762530 545980
950630 333766 536802 704271 471581 931577 162614 331534 787348 689726 185678 176969 504197 714412 461121 668613
245727 333997 459287 368777 338993 523665 561798 614444 408567 945266 121926 118644 689830 897366 463586 305185
831859 556711 452734 572569 265220 540282 355332 155130 847726 118919 949186 604855 358584 842537 854939 461474
821876 541064 655534 235318 215296 962709 998525 807410 766778 136579 868339 321939 855209 408368 918443 379279
598049 416529 788807 728436 728885 257260 164442 616761 292165 995686 167647 368840 393342 535346 838873 340575
714419 735094 479121 387648 665774 460442 753612 117629 815920 663791 416744 231418 769588 386459 428331 448720
888601 542522 927701 911584 309569 861966 864233 691985 888564 667020 397405 349434 661361 954702 759746 297588
326585 213073 461753 353045 375859 270630 772136 657410 397900 763190 365749 536092 294807 627088 526589 609990
