995108 589716 907715 559782 238564 966424 188553 152105 858720 484859 279896 134375 717894 762030 425983 366239 450316 598038 838814 776977 540263 314945 609641 411306 287070 499046 281513 615659 394456 549581 641965 835223
916501 419001 335815 595103 143443 371945 320512 516569 851687 128020 661465 185031 228821 576026 707408 920767 419258 408075 957196 923902 195891 242432 189576 854465 975048 213992 601034 799535 735327 423866 528117 132403
800153 600215 915487 814360 541688 162467 233322 398452 969586 384108 260911 101953 454281 484887 493391 746037 265862 127235 441280 675956 784124 301576 784188 148041 524477 930120 717832 252223 703025 656214 997761 982576
694212 277117 166944 831561 566144 952592 184730 563079 937883 132559 308270 603166 157391 506530 286657 104113 275609 805481 410072 436048 423461 422573 817446 246746 836665 553673 310949 807051 219667 641929 479554 869207
438813 873245 829156 729618 814443 707586 998469 759128 812387 938591 240238 900642 867787 584433 509862 304305 210972 110891 897504 584764 361660 691502 859924 279610 531394 902644 742442 691418 434314 691780 275476 603889
460577 445395 411030 363284 750212 875079 789752 282085 597659 584738 557086 592933 416472 811617 252298 927466 415936 173330 489533 280711 816979 367219 642982 260796 564703 782010 836497 749940 231021 395186 446630 670407
128101 690341 173712 867544 997423 154472 387838 254137 962134 496103 317954 355687 824563 248290 138421 600532 226883 167509 923251 321593 767015 266668 660942 980109 824297 934020 314182 691772 332473 802345 751569 812063
844929 757016 226907 662798 740172 842992 988855 691392 133465 966642 708914 635136 144705 495022 930452 802859 832579 980266 506296 574826 840513 302325 105698 975691 741840 287077 382028 213493 141616 958696 649428 998336
318778 922855 231322 492140 569262 497641 571221 180752 798896 556512 903986 465053 712963 434519 710753 528219 826821 729066 437187 444586 903230 642319 201054 281376 224896 857750 176813 210661 615811 881114 196031 964897
502397 567185 133155 583728 660944 712485 643382 420755 353395 166805 470772 295810 877790 349597 388009 526176 394029 288237 571712 188641 924961 610959 411013 355057 271907 290546 206784 332392 701271 298308 711776 560603
221649 171614 301794 901170 669994 615005 149121 191270 728781 697694 585480 884800 443463 622099 128685 574945 879664 859566 535169 658527 134652 387262 361364 444868 762319 114740 748226 293988 220403 992429 794632 832665
887366 259961 933531 441886 181253 790474 794165 312811 723946 145496 278431 459352 360458 469905 998261 851523 286101 969454 988392 585599 431486 828358 810235 529945 860390 772060 547759 965517 401894 732774 754389 432291
703921 256751 693885 161384 468775 325091 296572 856881 315249 414919 478600 692510 647391 876608 722151 365379 412936 825723 463170 920069 409389 838049 315792 171273 707863 725140 564034 696698 471475 264927 116515 882299
342782 105621 683218 631987 750330 780169 501096 367143 190619 607585 931295 322309 226176 669271 845864 357468 755553 767987 261630 377827 191287 323816 804708 575918 154193 569993 939980 919482 756689 998910 231729 221405
675996 600410 197774 675896 297564 664363 125416 228670 728981 721790 855175 298057 138904 445828 616626 364589 354973 418624 983409 405082 724264 898394 444030 365632 289974 294681 660177 649014 379954 119413 154683 385385
643441 130245 910059 639418 995262 946582 223607 797636 315840 756943 572477 110771 259262 784961 271193 448617 678833 836198 125565 281170 730789 886733 766587 172809 206590 710123 924553 894060 173621 449795 276660 542859
714041 814401 612262 806351 100407 213569 880088 979405 604660 704845 796167 414834 931722 925681 152867 602556 575670 975439 414534 392963 341779 809452 587322 297481 495524 210464 579079 230627 241548 841992 857861 979201
106655 425687 317417 578849 306841 614663 723096 177168 170881 942003 743944 987416 116700 120242 682549 808905 350389 156941 821228 165992 727139 210867 281136 887124 466784 714129 860785 449226 908949 419918 634510 622788
519387 848197 641771 663917 389296 307825 926780 371723 416655 909840 308272 806766 603571 717251 533424 665645 418618 936179 251066 803709 665903 109949 146248 441899 595340 640314 223022 686135 400116 714031 561543 869976
590016 287981 120180 845318 386481 681676 698007 104742 481669 392267 558812 756455 385435 541646 120172 121031 760017 683013 725272 241307 372282 831750 263128 406523 604284 107784 209378 719510 120938 101726 853303 414718
728135 294120 710064 926268 622502 292553 382180 600776 368044 919474 187505 169687 271051 848283 639459 174424 427507 309242 590671 425294 714655 366638 183738 371566 587435 172461 266984 900949 257633 167202 412669 764478
406616 596927 774310 692655 251463 633008 246912 184047 563357 940316 137984 229267 364739 908769 527849 472289 949212 112657 524371 159011 652323 887365 656307 110372 857317 445230 852807 562569 731108 477666 933614 483191
237859 657788 215023 684563 103260 942552 861298 885032 773946 992543 112611 224946 237247 960030 548876 519098 418402 510135 775835 550774 368170 899562 942279 424893 963675 652738 883586 596680 375864 409130 983358 130880
373596 675938 172180 477018 401182 535517 380107 508597 297516 930719 912617 398172 348557 486346 685387 129295 883348 182060 768496 454123 578870 230711 492125 305375 248559 479667 843676 583963 476683 553440 316776 899244
295978 424835 693388 906146 662786 724008 221227 388248 666129 420443 115315 745969 564399 180837 670004 786956 382338 802723 841440 138756 892808 615929 502987 748797 449439 889455 192906 302163 743127 402360 857793 217434
644210 701666 361863 356805 378020 672607 934484 824191 236561 878151 269425 244903 294610 135255 311448 229840 852245 379715 389564 336846 978268 382681 964273 700123 735770 588190 550343 848706 450149 800422 681107 988139
708221 161107 893978 397937 787939 652010 930754 200417 103738 377695 827127 414306 416622 498221 397356 125985 617779 257720 591619 615009 671289 753018 166959 266890 726843 793790 352051 679091 587964 997742 177863 436587
562886 980072 711585 861280 991461 289490 585119 894720 696061 503412 325073 712751 492157 317667 293738 588414 604196 470659 521187 624177 340286 165139 432075 624532 234509 277831 579716 801763 858175 200834 846338 811949
214199 158322 757762 125787 642343 352150 241319 662523 631719 722837 200780 842005 663890 861605 218794 370015 723064 818856 301086 311792 884818 599771 605440 994514 782701 514289 154559 331688 659789 998321 218592 294252
238233 997397 949408 414452 555083 448341 895236 819921 574304 987873 874122 875725 299918 893606 413312 423335 830366 219639 702274 944747 454932 575286 322790 358815 724149 990223 583581 703427 552991 916548 255347 410519
971668 365309 952854 190765 319994 195188 971581 553302 557057 848632 796426 430093 508569 841697 985801 750649 884281 632482 851503 107951 895403 537148 211262 803081 301513 298999 238431 899086 317462 499040 394240 223545
374105 361881 483338 558371 855265 171454 218839 117106 145867 359257 428700 623828 451113 913210 408979 451581 188742 191114 733771 181108 528991 411604 217055 545702 994026 198343 957052 744592 273419 788882 832739 594442
